wdpa_id,taxon_class,vulnerable_species,non_vulnerable_species,total_species
597,Amphibian,4,26,30
597,Bird,34,327,361
597,Mammal,5,102,107
597,Reptile,6,55,61
597,fw_fish,11,29,40
641,Amphibian,2,12,14
641,Bird,36,246,282
641,Mammal,9,65,74
641,Reptile,5,16,21
641,fw_fish,3,14,17
642,Amphibian,2,22,24
642,Bird,30,278,308
642,Mammal,8,82,90
642,Reptile,3,24,27
642,fw_fish,19,40,59
669,Amphibian,4,26,30
669,Bird,34,338,372
669,Mammal,9,117,126
669,Reptile,2,64,66
669,fw_fish,21,41,62
670,Amphibian,1,27,28
670,Bird,60,320,380
670,Mammal,11,137,148
670,Reptile,6,80,86
670,fw_fish,29,83,112
671,Amphibian,4,24,28
671,Bird,53,317,370
671,Mammal,9,136,145
671,Reptile,3,72,75
671,fw_fish,17,36,53
672,Amphibian,0,38,38
672,Bird,92,273,365
672,Mammal,15,125,140
672,Reptile,8,63,71
672,fw_fish,9,81,90
721,Amphibian,2,55,57
721,Bird,96,278,374
721,Mammal,14,131,145
721,Reptile,13,69,82
721,fw_fish,14,80,94
722,Amphibian,2,38,40
722,Bird,92,349,441
722,Mammal,11,142,153
722,Reptile,7,70,77
722,fw_fish,8,63,71
723,Amphibian,1,32,33
723,Bird,72,316,388
723,Mammal,8,128,136
723,Reptile,6,58,64
723,fw_fish,8,48,56
724,Amphibian,1,37,38
724,Bird,96,303,399
724,Mammal,12,129,141
724,Reptile,9,65,74
724,fw_fish,6,57,63
725,Amphibian,1,38,39
725,Bird,97,272,369
725,Mammal,15,113,128
725,Reptile,14,66,80
725,fw_fish,10,84,94
818,Amphibian,3,16,19
818,Bird,39,325,364
818,Mammal,6,85,91
818,Reptile,9,49,58
818,fw_fish,14,24,38
819,Amphibian,4,27,31
819,Bird,37,340,377
819,Mammal,5,109,114
819,Reptile,3,65,68
819,fw_fish,27,47,74
865,Amphibian,4,26,30
865,Bird,42,344,386
865,Mammal,5,111,116
865,Reptile,7,60,67
865,fw_fish,11,70,81
866,Amphibian,3,20,23
866,Bird,59,362,421
866,Mammal,4,85,89
866,Reptile,5,55,60
866,fw_fish,6,43,49
867,Amphibian,1,5,6
867,Bird,44,273,317
867,Mammal,5,38,43
867,Reptile,10,28,38
867,fw_fish,16,51,67
868,Amphibian,3,23,26
868,Bird,49,320,369
868,Mammal,4,82,86
868,Reptile,3,53,56
868,fw_fish,7,49,56
869,Amphibian,1,6,7
869,Bird,45,281,326
869,Mammal,4,42,46
869,Reptile,11,34,45
869,fw_fish,16,52,68
1048,Amphibian,3,20,23
1048,Bird,37,331,368
1048,Mammal,7,91,98
1048,Reptile,6,52,58
1048,fw_fish,17,31,48
1049,Amphibian,4,23,27
1049,Bird,32,303,335
1049,Mammal,5,84,89
1049,Reptile,7,51,58
1049,fw_fish,14,27,41
1250,Amphibian,0,2,2
1250,Bird,29,165,194
1250,Bird,0,3,3
1250,Bird,0,1,1
1250,Mammal,12,32,44
1250,fw_fish,0,2,2
1293,Amphibian,4,24,28
1293,Bird,50,313,363
1293,Mammal,6,112,118
1293,Reptile,3,53,56
1293,fw_fish,8,52,60
1295,Amphibian,4,60,64
1295,Bird,98,302,400
1295,Mammal,14,144,158
1295,Reptile,13,77,90
1295,fw_fish,22,84,106
1332,Amphibian,3,27,30
1332,Bird,35,334,369
1332,Mammal,5,100,105
1332,Reptile,4,56,60
1332,fw_fish,13,31,44
1543,Amphibian,0,28,28
1543,Bird,65,281,346
1543,Mammal,10,132,142
1543,Reptile,6,67,73
1543,fw_fish,11,48,59
2252,Amphibian,4,18,22
2252,Bird,36,316,352
2252,Mammal,5,92,97
2252,Reptile,5,47,52
2252,fw_fish,16,27,43
2253,Amphibian,4,26,30
2253,Bird,34,321,355
2253,Mammal,5,104,109
2253,Reptile,4,58,62
2253,fw_fish,15,31,46
2254,Amphibian,4,25,29
2254,Bird,34,320,354
2254,Mammal,5,99,104
2254,Reptile,6,51,57
2254,fw_fish,16,32,48
2288,Amphibian,4,20,24
2288,Bird,40,334,374
2288,Mammal,4,86,90
2288,Reptile,4,47,51
2288,fw_fish,11,56,67
2289,Amphibian,4,22,26
2289,Bird,53,369,422
2289,Mammal,5,88,93
2289,Reptile,4,53,57
2289,fw_fish,6,46,52
2290,Amphibian,3,21,24
2290,Bird,59,362,421
2290,Mammal,4,83,87
2290,Reptile,5,52,57
2290,fw_fish,6,43,49
2293,Amphibian,1,51,52
2293,Bird,95,269,364
2293,Mammal,15,131,146
2293,Reptile,13,67,80
2293,fw_fish,13,69,82
2321,Amphibian,1,8,9
2321,Bird,42,247,289
2321,Bird,0,4,4
2321,Mammal,11,52,63
2321,fw_fish,26,43,69
2322,Amphibian,2,17,19
2322,Bird,34,272,306
2322,Mammal,0,61,61
2322,Reptile,7,39,46
2322,fw_fish,10,34,44
2324,Amphibian,2,14,16
2324,Bird,34,243,277
2324,Mammal,2,57,59
2324,Reptile,7,30,37
2324,fw_fish,7,34,41
2325,Amphibian,4,19,23
2325,Bird,35,317,352
2325,Mammal,1,74,75
2325,Reptile,5,49,54
2325,fw_fish,21,54,75
2327,Amphibian,0,5,5
2327,Bird,35,204,239
2327,Bird,0,4,4
2327,Mammal,11,42,53
2327,fw_fish,13,26,39
2328,Amphibian,2,16,18
2328,Bird,35,269,304
2328,Mammal,4,61,65
2328,Reptile,8,38,46
2328,fw_fish,10,41,51
2329,Amphibian,2,18,20
2329,Bird,35,280,315
2329,Mammal,0,62,62
2329,Reptile,6,44,50
2329,fw_fish,12,48,60
2331,Amphibian,3,15,18
2331,Bird,38,306,344
2331,Mammal,5,81,86
2331,Reptile,9,45,54
2331,fw_fish,14,25,39
2332,Amphibian,2,13,15
2332,Bird,41,261,302
2332,Mammal,5,57,62
2332,Reptile,6,37,43
2332,fw_fish,6,52,58
2333,Amphibian,1,7,8
2333,Bird,44,242,286
2333,Mammal,8,52,60
2333,Reptile,9,32,41
2333,fw_fish,12,27,39
2339,Amphibian,4,24,28
2339,Bird,32,331,363
2339,Mammal,3,104,107
2339,Reptile,3,63,66
2339,fw_fish,21,48,69
2340,Amphibian,3,29,32
2340,Bird,44,332,376
2340,Mammal,9,120,129
2340,Reptile,8,85,93
2340,fw_fish,23,61,84
2341,Amphibian,0,24,24
2341,Bird,56,297,353
2341,Mammal,8,105,113
2341,Reptile,5,71,76
2341,fw_fish,20,66,86
2342,Amphibian,4,23,27
2342,Bird,26,312,338
2342,Mammal,3,92,95
2342,Reptile,3,55,58
2342,fw_fish,25,46,71
2344,Amphibian,4,21,25
2344,Bird,33,277,310
2344,Mammal,5,74,79
2344,Reptile,5,53,58
2344,fw_fish,26,54,80
2578,,0,0,0
2580,Amphibian,4,26,30
2580,Bird,42,344,386
2580,Mammal,5,111,116
2580,Reptile,7,60,67
2580,fw_fish,11,70,81
3213,Amphibian,4,21,25
3213,Bird,34,307,341
3213,Mammal,1,74,75
3213,Reptile,8,47,55
3213,fw_fish,13,33,46
3214,Amphibian,3,21,24
3214,Bird,56,364,420
3214,Mammal,5,80,85
3214,Reptile,3,52,55
3214,fw_fish,6,47,53
3225,Amphibian,2,13,15
3225,Bird,33,221,254
3225,Bird,0,4,4
3225,Mammal,9,56,65
3225,fw_fish,13,22,35
3226,Amphibian,3,22,25
3226,Bird,36,318,354
3226,Mammal,6,92,98
3226,Reptile,6,49,55
3226,fw_fish,9,25,34
3228,Amphibian,4,23,27
3228,Bird,34,318,352
3228,Mammal,6,97,103
3228,Reptile,6,57,63
3228,fw_fish,17,31,48
3229,Amphibian,3,20,23
3229,Bird,33,309,342
3229,Mammal,6,91,97
3229,Reptile,6,52,58
3229,fw_fish,12,27,39
3230,Amphibian,0,4,4
3230,Bird,31,156,187
3230,Mammal,10,34,44
3230,Reptile,9,19,28
3230,fw_fish,0,1,1
4488,Amphibian,3,21,24
4488,Bird,34,324,358
4488,Mammal,6,91,97
4488,Reptile,6,53,59
4488,fw_fish,11,29,40
4489,Amphibian,4,22,26
4489,Bird,30,286,316
4489,Mammal,5,86,91
4489,Reptile,4,55,59
4489,fw_fish,22,45,67
5003,Amphibian,2,55,57
5003,Bird,96,273,369
5003,Mammal,14,131,145
5003,Reptile,13,69,82
5003,fw_fish,14,80,94
5150,Amphibian,0,38,38
5150,Bird,92,273,365
5150,Mammal,15,125,140
5150,Reptile,8,63,71
5150,fw_fish,9,81,90
5151,Amphibian,0,30,30
5151,Bird,83,304,387
5151,Mammal,12,115,127
5151,Reptile,9,79,88
5151,fw_fish,12,58,70
5152,Amphibian,0,29,29
5152,Bird,66,309,375
5152,Mammal,10,117,127
5152,Reptile,8,81,89
5152,fw_fish,15,60,75
5153,Amphibian,4,22,26
5153,Bird,29,315,344
5153,Mammal,5,96,101
5153,Reptile,3,57,60
5153,fw_fish,15,27,42
5154,Amphibian,0,36,36
5154,Bird,85,274,359
5154,Mammal,12,129,141
5154,Reptile,7,63,70
5154,fw_fish,14,68,82
5155,Amphibian,0,32,32
5155,Bird,75,277,352
5155,Mammal,11,129,140
5155,Reptile,7,65,72
5155,fw_fish,11,48,59
5156,Amphibian,3,23,26
5156,Bird,38,327,365
5156,Mammal,3,87,90
5156,Reptile,5,52,57
5156,fw_fish,22,37,59
5157,Amphibian,0,23,23
5157,Bird,47,264,311
5157,Mammal,8,100,108
5157,Reptile,4,64,68
5157,fw_fish,17,51,68
5158,Amphibian,0,24,24
5158,Bird,55,279,334
5158,Mammal,8,92,100
5158,Reptile,6,68,74
5158,fw_fish,30,76,106
5159,Amphibian,0,23,23
5159,Bird,53,272,325
5159,Mammal,8,95,103
5159,Reptile,5,67,72
5159,fw_fish,30,73,103
5160,Amphibian,4,29,33
5160,Bird,53,338,391
5160,Mammal,9,130,139
5160,Reptile,5,76,81
5160,fw_fish,24,54,78
5161,Amphibian,0,24,24
5161,Bird,52,273,325
5161,Mammal,6,92,98
5161,Reptile,6,68,74
5161,fw_fish,30,73,103
5162,Amphibian,1,23,24
5162,Bird,36,267,303
5162,Mammal,8,107,115
5162,Reptile,4,64,68
5162,fw_fish,14,41,55
5164,Amphibian,2,21,23
5164,Bird,27,243,270
5164,Bird,0,7,7
5164,Mammal,11,76,87
5164,fw_fish,16,36,52
5165,Amphibian,2,18,20
5165,Bird,38,261,299
5165,Mammal,10,74,84
5165,Reptile,5,23,28
5165,fw_fish,20,38,58
5166,Amphibian,2,14,16
5166,Bird,40,298,338
5166,Mammal,7,68,75
5166,Reptile,7,31,38
5166,fw_fish,34,50,84
5168,Amphibian,3,24,27
5168,Bird,30,289,319
5168,Mammal,6,83,89
5168,Reptile,4,40,44
5168,fw_fish,28,48,76
5173,Amphibian,1,47,48
5173,Bird,98,265,363
5173,Mammal,15,115,130
5173,Reptile,14,67,81
5173,fw_fish,10,73,83
5177,Amphibian,2,24,26
5177,Bird,37,287,324
5177,Mammal,5,111,116
5177,Reptile,4,63,67
5177,fw_fish,37,75,112
5178,Amphibian,1,6,7
5178,Bird,44,287,331
5178,Mammal,5,42,47
5178,Reptile,10,30,40
5178,fw_fish,17,54,71
5179,Amphibian,0,31,31
5179,Bird,80,281,361
5179,Mammal,5,101,106
5179,Reptile,2,53,55
5179,fw_fish,13,67,80
5180,Amphibian,0,39,39
5180,Bird,81,293,374
5180,Mammal,9,120,129
5180,Reptile,2,58,60
5180,fw_fish,23,90,113
6950,Amphibian,4,18,22
6950,Bird,36,309,345
6950,Mammal,5,92,97
6950,Reptile,4,48,52
6950,fw_fish,15,26,41
6951,Amphibian,4,20,24
6951,Bird,35,303,338
6951,Mammal,3,98,101
6951,Reptile,4,51,55
6951,fw_fish,15,26,41
6952,Amphibian,4,23,27
6952,Bird,34,311,345
6952,Mammal,3,105,108
6952,Reptile,4,57,61
6952,fw_fish,15,26,41
6953,Amphibian,4,23,27
6953,Bird,36,313,349
6953,Mammal,4,108,112
6953,Reptile,4,58,62
6953,fw_fish,13,22,35
6954,Amphibian,4,25,29
6954,Bird,37,316,353
6954,Mammal,6,109,115
6954,Reptile,5,61,66
6954,fw_fish,23,50,73
6955,Amphibian,3,20,23
6955,Bird,34,296,330
6955,Mammal,7,106,113
6955,Reptile,3,59,62
6955,fw_fish,14,42,56
6956,Amphibian,2,22,24
6956,Bird,33,288,321
6956,Mammal,7,108,115
6956,Reptile,3,60,63
6956,fw_fish,14,41,55
7390,Amphibian,1,38,39
7390,Bird,92,277,369
7390,Mammal,15,114,129
7390,Reptile,12,68,80
7390,fw_fish,7,64,71
7409,Amphibian,1,44,45
7409,Bird,93,238,331
7409,Mammal,13,110,123
7409,Reptile,13,62,75
7409,fw_fish,7,60,67
7414,Amphibian,1,43,44
7414,Bird,97,326,423
7414,Mammal,14,139,153
7414,Reptile,12,73,85
7414,fw_fish,20,78,98
7417,Amphibian,0,22,22
7417,Bird,47,297,344
7417,Mammal,13,120,133
7417,Reptile,0,59,59
7417,fw_fish,12,75,87
7463,Amphibian,1,25,26
7463,Bird,83,290,373
7463,Mammal,7,98,105
7463,Reptile,6,53,59
7463,fw_fish,13,31,44
7465,Amphibian,2,32,34
7465,Bird,98,275,373
7465,Mammal,9,89,98
7465,Reptile,13,55,68
7465,fw_fish,22,45,67
7516,Amphibian,4,22,26
7516,Bird,26,290,316
7516,Mammal,5,100,105
7516,Reptile,3,56,59
7516,fw_fish,14,53,67
7517,Amphibian,4,22,26
7517,Bird,27,297,324
7517,Mammal,5,99,104
7517,Reptile,3,58,61
7517,fw_fish,14,54,68
7518,Amphibian,4,22,26
7518,Bird,27,298,325
7518,Mammal,4,102,106
7518,Reptile,3,56,59
7518,fw_fish,14,58,72
7522,Amphibian,1,36,37
7522,Bird,97,276,373
7522,Mammal,14,109,123
7522,Reptile,14,67,81
7522,fw_fish,10,93,103
7523,Amphibian,4,30,34
7523,Bird,59,332,391
7523,Bird,0,3,3
7523,Mammal,11,136,147
7523,fw_fish,23,58,81
7834,Amphibian,2,23,25
7834,Bird,36,318,354
7834,Mammal,3,95,98
7834,Reptile,4,55,59
7834,fw_fish,18,33,51
7838,Amphibian,3,34,37
7838,Bird,94,286,380
7838,Mammal,9,93,102
7838,Reptile,10,56,66
7838,fw_fish,19,43,62
7843,Amphibian,2,22,24
7843,Bird,77,294,371
7843,Mammal,5,93,98
7843,Reptile,7,56,63
7843,fw_fish,18,46,64
7844,Amphibian,2,30,32
7844,Bird,95,262,357
7844,Mammal,9,78,87
7844,Reptile,12,57,69
7844,fw_fish,21,42,63
7845,Amphibian,2,23,25
7845,Bird,77,289,366
7845,Mammal,6,81,87
7845,Reptile,7,52,59
7845,fw_fish,27,51,78
7846,Amphibian,2,20,22
7846,Bird,68,295,363
7846,Mammal,5,80,85
7846,Reptile,6,54,60
7846,fw_fish,27,51,78
7851,Amphibian,4,30,34
7851,Bird,97,260,357
7851,Mammal,13,81,94
7851,Reptile,15,61,76
7851,fw_fish,33,76,109
7852,Amphibian,3,23,26
7852,Bird,33,303,336
7852,Mammal,3,82,85
7852,Reptile,4,54,58
7852,fw_fish,18,37,55
7856,Amphibian,3,26,29
7856,Bird,31,319,350
7856,Mammal,4,95,99
7856,Reptile,4,53,57
7856,fw_fish,13,29,42
7860,Amphibian,3,25,28
7860,Bird,39,360,399
7860,Mammal,3,88,91
7860,Reptile,5,59,64
7860,fw_fish,17,29,46
7863,Amphibian,3,25,28
7863,Bird,34,322,356
7863,Mammal,5,99,104
7863,Reptile,4,60,64
7863,fw_fish,16,30,46
7864,Amphibian,4,25,29
7864,Bird,40,329,369
7864,Mammal,3,97,100
7864,Reptile,3,58,61
7864,fw_fish,12,19,31
7870,Amphibian,1,22,23
7870,Bird,40,303,343
7870,Mammal,6,72,78
7870,Reptile,5,36,41
7870,fw_fish,30,46,76
7872,Amphibian,1,16,17
7872,Bird,41,295,336
7872,Mammal,5,55,60
7872,Reptile,9,35,44
7872,fw_fish,17,26,43
7873,Amphibian,2,26,28
7873,Bird,66,405,471
7873,Mammal,8,110,118
7873,Reptile,6,56,62
7873,fw_fish,23,49,72
7874,Amphibian,3,23,26
7874,Bird,37,324,361
7874,Mammal,3,91,94
7874,Reptile,4,51,55
7874,fw_fish,11,16,27
7875,Amphibian,2,24,26
7875,Bird,37,343,380
7875,Mammal,2,79,81
7875,Reptile,5,52,57
7875,fw_fish,9,18,27
7957,Amphibian,2,23,25
7957,Bird,33,278,311
7957,Mammal,7,112,119
7957,Reptile,3,64,67
7957,fw_fish,18,53,71
8515,Amphibian,0,34,34
8515,Bird,72,316,388
8515,Mammal,11,126,137
8515,Reptile,2,58,60
8515,fw_fish,23,84,107
8516,Amphibian,0,39,39
8516,Bird,78,317,395
8516,Mammal,11,125,136
8516,Reptile,2,61,63
8516,fw_fish,20,74,94
8517,Amphibian,0,36,36
8517,Bird,76,320,396
8517,Mammal,10,128,138
8517,Reptile,0,55,55
8517,fw_fish,20,73,93
9024,Amphibian,0,4,4
9024,Bird,20,84,104
9024,Bird,0,1,1
9024,Mammal,11,25,36
9024,fw_fish,1,0,1
9033,Amphibian,0,2,2
9033,Bird,19,95,114
9033,Mammal,5,12,17
9033,Reptile,7,11,18
9033,fw_fish,0,2,2
9034,Amphibian,0,7,7
9034,Bird,36,236,272
9034,Mammal,7,52,59
9034,Reptile,6,14,20
9034,fw_fish,1,10,11
9170,Amphibian,1,44,45
9170,Bird,94,258,352
9170,Mammal,14,129,143
9170,Reptile,13,64,77
9170,fw_fish,16,68,84
9171,Amphibian,0,44,44
9171,Bird,94,295,389
9171,Mammal,10,118,128
9171,Reptile,9,61,70
9171,fw_fish,20,80,100
9176,Amphibian,3,58,61
9176,Bird,97,308,405
9176,Mammal,15,143,158
9176,Reptile,13,76,89
9176,fw_fish,17,81,98
9264,Amphibian,4,24,28
9264,Bird,34,317,351
9264,Mammal,6,95,101
9264,Reptile,6,52,58
9264,fw_fish,12,28,40
9265,Amphibian,4,21,25
9265,Bird,34,312,346
9265,Mammal,5,93,98
9265,Reptile,5,51,56
9265,fw_fish,11,28,39
9545,Amphibian,4,30,34
9545,Bird,59,331,390
9545,Bird,0,3,3
9545,Mammal,11,136,147
9545,fw_fish,23,58,81
10732,Amphibian,1,35,36
10732,Bird,73,320,393
10732,Mammal,10,126,136
10732,Reptile,1,57,58
10732,fw_fish,20,76,96
10733,Amphibian,0,24,24
10733,Bird,43,293,336
10733,Mammal,12,115,127
10733,Reptile,0,60,60
10733,fw_fish,15,92,107
10741,Amphibian,0,37,37
10741,Bird,85,268,353
10741,Mammal,8,111,119
10741,Reptile,7,56,63
10741,fw_fish,18,72,90
11596,Amphibian,3,25,28
11596,Bird,30,308,338
11596,Mammal,4,92,96
11596,Reptile,5,55,60
11596,fw_fish,14,33,47
11597,Amphibian,2,23,25
11597,Bird,67,344,411
11597,Mammal,9,93,102
11597,Reptile,11,65,76
11597,fw_fish,14,27,41
11599,Amphibian,1,23,24
11599,Bird,41,279,320
11599,Mammal,8,108,116
11599,Reptile,5,72,77
11599,fw_fish,37,75,112
11609,Amphibian,4,26,30
11609,Bird,33,274,307
11609,Mammal,8,98,106
11609,Reptile,3,54,57
11609,fw_fish,7,86,93
12201,Amphibian,3,21,24
12201,Bird,38,338,376
12201,Mammal,7,95,102
12201,Reptile,6,53,59
12201,fw_fish,17,34,51
13749,,0,0,0
13930,Amphibian,1,5,6
13930,Bird,40,270,310
13930,Mammal,6,38,44
13930,Reptile,8,27,35
13930,fw_fish,16,51,67
17367,Amphibian,0,3,3
17367,Bird,25,105,130
17367,Bird,0,2,2
17367,Mammal,12,37,49
17367,fw_fish,1,3,4
17727,Amphibian,3,16,19
17727,Bird,39,325,364
17727,Mammal,6,85,91
17727,Reptile,8,49,57
17727,fw_fish,14,24,38
19249,Amphibian,0,31,31
19249,Bird,83,293,376
19249,Mammal,5,102,107
19249,Reptile,2,53,55
19249,fw_fish,13,67,80
19277,Amphibian,1,23,24
19277,Bird,44,269,313
19277,Mammal,8,104,112
19277,Reptile,4,64,68
19277,fw_fish,27,65,92
20171,Amphibian,2,14,16
20171,Bird,41,309,350
20171,Mammal,6,55,61
20171,Reptile,7,32,39
20171,fw_fish,36,58,94
20174,Amphibian,1,39,40
20174,Bird,98,265,363
20174,Mammal,14,109,123
20174,Reptile,14,66,80
20174,fw_fish,11,84,95
20175,Amphibian,2,53,55
20175,Bird,95,299,394
20175,Mammal,15,138,153
20175,Reptile,13,75,88
20175,fw_fish,10,71,81
20177,Amphibian,0,41,41
20177,Bird,99,323,422
20177,Mammal,15,138,153
20177,Reptile,11,68,79
20177,fw_fish,20,79,99
20299,Amphibian,7,69,76
20299,Bird,124,388,512
20299,Mammal,16,129,145
20299,Reptile,20,73,93
20299,fw_fish,42,84,126
20975,Amphibian,4,23,27
20975,Bird,28,325,353
20975,Mammal,3,99,102
20975,Reptile,3,58,61
20975,fw_fish,20,44,64
20976,Amphibian,4,23,27
20976,Bird,30,302,332
20976,Mammal,5,101,106
20976,Reptile,2,61,63
20976,fw_fish,15,39,54
20978,Amphibian,2,22,24
20978,Bird,32,289,321
20978,Mammal,7,110,117
20978,Reptile,3,66,69
20978,fw_fish,13,41,54
26440,Amphibian,0,31,31
26440,Bird,68,298,366
26440,Mammal,11,119,130
26440,Reptile,6,82,88
26440,fw_fish,15,60,75
26441,Amphibian,4,22,26
26441,Bird,30,307,337
26441,Mammal,7,111,118
26441,Reptile,2,62,64
26441,fw_fish,15,31,46
26442,Amphibian,4,22,26
26442,Bird,27,315,342
26442,Mammal,4,100,104
26442,Reptile,2,60,62
26442,fw_fish,21,50,71
26443,Amphibian,4,23,27
26443,Bird,28,328,356
26443,Mammal,6,99,105
26443,Reptile,3,56,59
26443,fw_fish,29,54,83
26444,Amphibian,4,23,27
26444,Bird,28,320,348
26444,Mammal,6,97,103
26444,Reptile,3,56,59
26444,fw_fish,16,32,48
26446,Amphibian,4,27,31
26446,Bird,39,340,379
26446,Mammal,10,117,127
26446,Reptile,5,69,74
26446,fw_fish,28,64,92
26447,Amphibian,4,23,27
26447,Bird,28,320,348
26447,Mammal,6,96,102
26447,Reptile,3,56,59
26447,fw_fish,28,50,78
26448,Amphibian,4,23,27
26448,Bird,28,320,348
26448,Mammal,6,98,104
26448,Reptile,2,59,61
26448,fw_fish,17,33,50
26449,Amphibian,0,30,30
26449,Bird,72,298,370
26449,Mammal,11,133,144
26449,Reptile,6,80,86
26449,fw_fish,29,83,112
26450,Amphibian,0,32,32
26450,Bird,75,301,376
26450,Mammal,12,125,137
26450,Reptile,7,84,91
26450,fw_fish,15,59,74
26451,Amphibian,0,32,32
26451,Bird,75,298,373
26451,Mammal,12,123,135
26451,Reptile,7,84,91
26451,fw_fish,19,70,89
26452,Amphibian,0,33,33
26452,Bird,80,315,395
26452,Mammal,12,125,137
26452,Reptile,10,85,95
26452,fw_fish,19,70,89
26453,Amphibian,0,32,32
26453,Bird,89,300,389
26453,Mammal,11,116,127
26453,Reptile,12,73,85
26453,fw_fish,6,47,53
26454,Amphibian,0,32,32
26454,Bird,87,300,387
26454,Mammal,11,115,126
26454,Reptile,12,73,85
26454,fw_fish,7,51,58
26455,Amphibian,0,32,32
26455,Bird,87,300,387
26455,Mammal,11,117,128
26455,Reptile,12,73,85
26455,fw_fish,8,51,59
26456,Amphibian,0,32,32
26456,Bird,87,298,385
26456,Mammal,11,116,127
26456,Reptile,12,73,85
26456,fw_fish,7,51,58
26457,Amphibian,0,37,37
26457,Bird,91,261,352
26457,Mammal,15,124,139
26457,Reptile,9,62,71
26457,fw_fish,7,52,59
26458,Amphibian,1,37,38
26458,Bird,96,257,353
26458,Mammal,15,111,126
26458,Reptile,13,70,83
26458,fw_fish,14,73,87
26460,Amphibian,1,39,40
26460,Bird,100,290,390
26460,Mammal,15,113,128
26460,Reptile,13,74,87
26460,fw_fish,16,75,91
26462,Amphibian,1,21,22
26462,Bird,49,276,325
26462,Mammal,9,126,135
26462,Reptile,5,60,65
26462,fw_fish,19,39,58
26463,Amphibian,1,39,40
26463,Bird,97,284,381
26463,Mammal,15,113,128
26463,Reptile,12,74,86
26463,fw_fish,16,75,91
26501,Amphibian,4,23,27
26501,Bird,30,328,358
26501,Mammal,6,98,104
26501,Reptile,5,57,62
26501,fw_fish,26,48,74
26505,Amphibian,1,31,32
26505,Bird,43,297,340
26505,Mammal,10,124,134
26505,Reptile,10,85,95
26505,fw_fish,14,50,64
26506,Amphibian,1,27,28
26506,Bird,48,299,347
26506,Mammal,10,125,135
26506,Reptile,10,83,93
26506,fw_fish,15,54,69
26507,Amphibian,1,31,32
26507,Bird,45,310,355
26507,Mammal,10,126,136
26507,Reptile,10,85,95
26507,fw_fish,15,54,69
26509,Amphibian,0,32,32
26509,Bird,64,303,367
26509,Mammal,11,120,131
26509,Reptile,9,84,93
26509,fw_fish,16,65,81
26510,Amphibian,0,27,27
26510,Bird,52,301,353
26510,Mammal,10,126,136
26510,Reptile,10,82,92
26510,fw_fish,14,50,64
26511,Amphibian,0,33,33
26511,Bird,65,303,368
26511,Mammal,10,118,128
26511,Reptile,9,85,94
26511,fw_fish,16,65,81
26513,Amphibian,0,28,28
26513,Bird,66,302,368
26513,Mammal,10,121,131
26513,Reptile,6,85,91
26513,fw_fish,14,50,64
26514,Amphibian,0,30,30
26514,Bird,53,300,353
26514,Mammal,10,123,133
26514,Reptile,10,84,94
26514,fw_fish,14,50,64
26515,Amphibian,0,29,29
26515,Bird,57,309,366
26515,Mammal,9,124,133
26515,Reptile,10,86,96
26515,fw_fish,14,50,64
26516,Amphibian,0,27,27
26516,Bird,66,308,374
26516,Mammal,10,125,135
26516,Reptile,5,84,89
26516,fw_fish,29,82,111
26522,Amphibian,4,22,26
26522,Bird,31,294,325
26522,Mammal,5,82,87
26522,Reptile,4,52,56
26522,fw_fish,15,27,42
26524,Amphibian,4,22,26
26524,Bird,29,312,341
26524,Mammal,5,93,98
26524,Reptile,3,55,58
26524,fw_fish,16,29,45
26525,Amphibian,4,22,26
26525,Bird,31,290,321
26525,Mammal,5,84,89
26525,Reptile,4,56,60
26525,fw_fish,25,53,78
26526,Amphibian,4,21,25
26526,Bird,28,309,337
26526,Mammal,6,99,105
26526,Reptile,2,60,62
26526,fw_fish,18,35,53
26527,Amphibian,4,22,26
26527,Bird,30,290,320
26527,Mammal,5,88,93
26527,Reptile,4,56,60
26527,fw_fish,27,53,80
26528,Amphibian,4,22,26
26528,Bird,30,300,330
26528,Mammal,5,84,89
26528,Reptile,4,51,55
26528,fw_fish,16,29,45
26530,Amphibian,4,22,26
26530,Bird,31,289,320
26530,Mammal,5,85,90
26530,Reptile,5,52,57
26530,fw_fish,27,53,80
26531,Amphibian,4,22,26
26531,Bird,30,298,328
26531,Mammal,5,84,89
26531,Reptile,4,53,57
26531,fw_fish,15,27,42
26535,Amphibian,4,22,26
26535,Bird,30,303,333
26535,Mammal,5,83,88
26535,Reptile,4,52,56
26535,fw_fish,16,29,45
26536,Amphibian,4,22,26
26536,Bird,30,306,336
26536,Mammal,5,88,93
26536,Reptile,4,51,55
26536,fw_fish,17,30,47
26538,Amphibian,4,22,26
26538,Bird,28,309,337
26538,Mammal,5,94,99
26538,Reptile,3,55,58
26538,fw_fish,16,29,45
26543,Amphibian,4,22,26
26543,Bird,28,310,338
26543,Mammal,5,94,99
26543,Reptile,3,55,58
26543,fw_fish,17,30,47
26544,Amphibian,4,22,26
26544,Bird,30,328,358
26544,Mammal,6,98,104
26544,Reptile,5,56,61
26544,fw_fish,17,30,47
26546,Amphibian,4,22,26
26546,Bird,29,313,342
26546,Mammal,5,94,99
26546,Reptile,4,53,57
26546,fw_fish,16,29,45
26547,Amphibian,4,22,26
26547,Bird,30,306,336
26547,Mammal,5,88,93
26547,Reptile,4,51,55
26547,fw_fish,16,29,45
26551,Amphibian,4,22,26
26551,Bird,28,310,338
26551,Mammal,5,91,96
26551,Reptile,3,53,56
26551,fw_fish,17,30,47
26552,Amphibian,4,22,26
26552,Bird,29,320,349
26552,Mammal,5,92,97
26552,Reptile,3,54,57
26552,fw_fish,16,29,45
26553,Amphibian,4,22,26
26553,Bird,30,310,340
26553,Mammal,7,110,117
26553,Reptile,2,62,64
26553,fw_fish,15,33,48
26558,Amphibian,4,23,27
26558,Bird,37,308,345
26558,Mammal,10,120,130
26558,Reptile,3,66,69
26558,fw_fish,29,83,112
26559,Amphibian,4,24,28
26559,Bird,42,309,351
26559,Mammal,8,121,129
26559,Reptile,3,68,71
26559,fw_fish,15,31,46
26564,Amphibian,2,22,24
26564,Bird,32,290,322
26564,Mammal,8,112,120
26564,Reptile,3,59,62
26564,fw_fish,17,45,62
26572,Amphibian,0,31,31
26572,Bird,82,277,359
26572,Mammal,11,128,139
26572,Reptile,7,65,72
26572,fw_fish,14,68,82
26573,Amphibian,0,32,32
26573,Bird,79,277,356
26573,Mammal,11,126,137
26573,Reptile,7,65,72
26573,fw_fish,11,48,59
26574,Amphibian,0,31,31
26574,Bird,79,276,355
26574,Mammal,11,127,138
26574,Reptile,7,65,72
26574,fw_fish,11,48,59
26625,Amphibian,2,23,25
26625,Bird,36,313,349
26625,Mammal,6,109,115
26625,Reptile,5,63,68
26625,fw_fish,47,81,128
26627,Amphibian,2,30,32
26627,Bird,92,282,374
26627,Mammal,9,87,96
26627,Reptile,9,62,71
26627,fw_fish,28,58,86
28524,Amphibian,3,21,24
28524,Bird,31,260,291
28524,Mammal,2,66,68
28524,Reptile,7,46,53
28524,fw_fish,22,43,65
28525,Amphibian,4,22,26
28525,Bird,32,268,300
28525,Mammal,2,71,73
28525,Reptile,6,52,58
28525,fw_fish,21,43,64
28527,Amphibian,4,21,25
28527,Bird,29,272,301
28527,Mammal,5,73,78
28527,Reptile,5,53,58
28527,fw_fish,21,43,64
28528,Amphibian,3,20,23
28528,Bird,32,260,292
28528,Mammal,2,66,68
28528,Reptile,7,39,46
28528,fw_fish,22,43,65
28529,Amphibian,4,22,26
28529,Bird,33,269,302
28529,Mammal,4,72,76
28529,Reptile,5,52,57
28529,fw_fish,22,45,67
28530,Amphibian,4,22,26
28530,Bird,32,269,301
28530,Mammal,2,71,73
28530,Reptile,7,51,58
28530,fw_fish,21,43,64
28531,Amphibian,3,21,24
28531,Bird,31,260,291
28531,Mammal,2,65,67
28531,Reptile,7,46,53
28531,fw_fish,22,43,65
28533,Amphibian,3,18,21
28533,Bird,31,274,305
28533,Mammal,3,71,74
28533,Reptile,7,48,55
28533,fw_fish,15,26,41
28534,Amphibian,3,19,22
28534,Bird,30,278,308
28534,Mammal,3,69,72
28534,Reptile,7,49,56
28534,fw_fish,16,25,41
28535,Amphibian,4,22,26
28535,Bird,31,296,327
28535,Mammal,5,83,88
28535,Reptile,5,50,55
28535,fw_fish,16,29,45
28536,Amphibian,3,17,20
28536,Bird,31,267,298
28536,Mammal,3,66,69
28536,Reptile,7,43,50
28536,fw_fish,15,26,41
28537,Amphibian,3,19,22
28537,Bird,30,279,309
28537,Mammal,3,69,72
28537,Reptile,7,49,56
28537,fw_fish,16,25,41
28540,Amphibian,4,21,25
28540,Bird,29,297,326
28540,Mammal,5,84,89
28540,Reptile,5,48,53
28540,fw_fish,13,27,40
28541,Amphibian,3,18,21
28541,Bird,31,275,306
28541,Mammal,3,74,77
28541,Reptile,7,47,54
28541,fw_fish,6,19,25
28543,Amphibian,4,21,25
28543,Bird,28,266,294
28543,Mammal,4,71,75
28543,Reptile,5,50,55
28543,fw_fish,21,48,69
28544,Amphibian,4,22,26
28544,Bird,30,271,301
28544,Mammal,5,73,78
28544,Reptile,5,54,59
28544,fw_fish,21,43,64
28545,Amphibian,4,22,26
28545,Bird,29,281,310
28545,Mammal,5,79,84
28545,Reptile,4,53,57
28545,fw_fish,24,47,71
28547,Amphibian,4,23,27
28547,Bird,28,303,331
28547,Mammal,6,104,110
28547,Reptile,3,62,65
28547,fw_fish,16,33,49
28548,Amphibian,2,13,15
28548,Bird,32,251,283
28548,Mammal,3,60,63
28548,Reptile,7,36,43
28548,fw_fish,6,15,21
28549,Amphibian,2,14,16
28549,Bird,31,253,284
28549,Mammal,3,62,65
28549,Reptile,8,39,47
28549,fw_fish,12,20,32
28550,Amphibian,3,15,18
28550,Bird,31,263,294
28550,Mammal,3,66,69
28550,Reptile,7,42,49
28550,fw_fish,15,26,41
28551,Amphibian,4,22,26
28551,Bird,33,268,301
28551,Mammal,4,71,75
28551,Reptile,5,52,57
28551,fw_fish,22,45,67
28553,Amphibian,4,21,25
28553,Bird,32,271,303
28553,Mammal,5,73,78
28553,Reptile,5,52,57
28553,fw_fish,22,45,67
28554,Amphibian,3,22,25
28554,Bird,32,269,301
28554,Mammal,2,70,72
28554,Reptile,7,51,58
28554,fw_fish,21,43,64
28555,Amphibian,4,21,25
28555,Bird,31,284,315
28555,Mammal,3,75,78
28555,Reptile,7,51,58
28555,fw_fish,14,27,41
28556,Amphibian,4,22,26
28556,Bird,31,290,321
28556,Mammal,5,84,89
28556,Reptile,5,51,56
28556,fw_fish,15,27,42
28557,Amphibian,3,17,20
28557,Bird,31,263,294
28557,Mammal,2,61,63
28557,Reptile,7,40,47
28557,fw_fish,21,42,63
28558,Amphibian,3,18,21
28558,Bird,30,267,297
28558,Mammal,2,63,65
28558,Reptile,7,41,48
28558,fw_fish,21,42,63
28559,Amphibian,4,21,25
28559,Bird,25,284,309
28559,Mammal,3,97,100
28559,Reptile,2,50,52
28559,fw_fish,13,52,65
28560,Amphibian,4,23,27
28560,Bird,27,287,314
28560,Mammal,5,86,91
28560,Reptile,4,53,57
28560,fw_fish,14,53,67
28561,Amphibian,4,22,26
28561,Bird,26,288,314
28561,Mammal,5,100,105
28561,Reptile,3,56,59
28561,fw_fish,14,53,67
28562,Amphibian,4,23,27
28562,Bird,27,285,312
28562,Mammal,5,88,93
28562,Reptile,4,52,56
28562,fw_fish,14,53,67
28563,Amphibian,4,23,27
28563,Bird,27,285,312
28563,Mammal,5,89,94
28563,Reptile,4,55,59
28563,fw_fish,16,43,59
28564,Amphibian,4,21,25
28564,Bird,27,299,326
28564,Mammal,4,103,107
28564,Reptile,3,58,61
28564,fw_fish,14,58,72
28565,Amphibian,4,22,26
28565,Bird,26,286,312
28565,Mammal,3,98,101
28565,Reptile,3,53,56
28565,fw_fish,14,58,72
28566,Amphibian,3,20,23
28566,Bird,32,261,293
28566,Mammal,2,66,68
28566,Reptile,7,40,47
28566,fw_fish,22,43,65
28568,Amphibian,4,21,25
28568,Bird,29,275,304
28568,Mammal,5,71,76
28568,Reptile,5,53,58
28568,fw_fish,20,42,62
28569,Amphibian,4,21,25
28569,Bird,29,272,301
28569,Mammal,5,72,77
28569,Reptile,5,52,57
28569,fw_fish,20,42,62
28570,Amphibian,4,22,26
28570,Bird,28,283,311
28570,Mammal,5,82,87
28570,Reptile,4,54,58
28570,fw_fish,18,43,61
28571,Amphibian,4,22,26
28571,Bird,28,280,308
28571,Mammal,5,75,80
28571,Reptile,5,53,58
28571,fw_fish,23,53,76
28572,Amphibian,4,21,25
28572,Bird,29,280,309
28572,Mammal,5,72,77
28572,Reptile,5,53,58
28572,fw_fish,20,42,62
28574,Amphibian,4,23,27
28574,Bird,28,282,310
28574,Mammal,5,79,84
28574,Reptile,4,52,56
28574,fw_fish,24,55,79
28576,Amphibian,4,22,26
28576,Bird,29,276,305
28576,Mammal,5,73,78
28576,Reptile,5,55,60
28576,fw_fish,27,58,85
28578,Amphibian,4,23,27
28578,Bird,27,286,313
28578,Mammal,5,84,89
28578,Reptile,4,52,56
28578,fw_fish,25,65,90
28581,Amphibian,4,22,26
28581,Bird,29,274,303
28581,Mammal,4,72,76
28581,Reptile,5,52,57
28581,fw_fish,25,54,79
29066,Amphibian,2,45,47
29066,Bird,100,345,445
29066,Mammal,15,142,157
29066,Reptile,13,75,88
29066,fw_fish,20,81,101
29067,Amphibian,4,61,65
29067,Bird,97,317,414
29067,Mammal,15,144,159
29067,Reptile,13,82,95
29067,fw_fish,22,84,106
29069,Amphibian,4,25,29
29069,Bird,30,276,306
29069,Mammal,5,91,96
29069,Reptile,3,53,56
29069,fw_fish,8,49,57
29330,Amphibian,0,24,24
29330,Bird,40,243,283
29330,Mammal,6,75,81
29330,Reptile,0,54,54
29330,fw_fish,10,72,82
29331,Amphibian,0,24,24
29331,Bird,41,246,287
29331,Mammal,6,78,84
29331,Reptile,0,57,57
29331,fw_fish,10,72,82
29333,Amphibian,0,24,24
29333,Bird,35,244,279
29333,Mammal,6,81,87
29333,Reptile,0,60,60
29333,fw_fish,11,82,93
29335,Amphibian,0,24,24
29335,Bird,36,240,276
29335,Mammal,6,77,83
29335,Reptile,0,58,58
29335,fw_fish,11,82,93
29337,Amphibian,0,23,23
29337,Bird,31,250,281
29337,Mammal,10,93,103
29337,Reptile,0,61,61
29337,fw_fish,14,88,102
29339,Amphibian,0,23,23
29339,Bird,28,251,279
29339,Mammal,11,97,108
29339,Reptile,0,61,61
29339,fw_fish,14,86,100
29340,Amphibian,0,24,24
29340,Bird,32,254,286
29340,Mammal,10,89,99
29340,Reptile,0,62,62
29340,fw_fish,16,101,117
29349,Amphibian,0,24,24
29349,Bird,32,254,286
29349,Mammal,10,90,100
29349,Reptile,0,62,62
29349,fw_fish,14,88,102
29351,Amphibian,0,24,24
29351,Bird,35,254,289
29351,Mammal,6,86,92
29351,Reptile,0,62,62
29351,fw_fish,9,78,87
29352,Amphibian,4,27,31
29352,Bird,37,278,315
29352,Mammal,11,102,113
29352,Reptile,2,71,73
29352,fw_fish,18,88,106
29353,Amphibian,1,20,21
29353,Bird,26,251,277
29353,Mammal,11,94,105
29353,Reptile,0,62,62
29353,fw_fish,5,58,63
29355,Amphibian,3,22,25
29355,Bird,26,242,268
29355,Mammal,8,92,100
29355,Reptile,2,63,65
29355,fw_fish,7,80,87
29356,Amphibian,1,22,23
29356,Bird,26,241,267
29356,Mammal,8,88,96
29356,Reptile,0,61,61
29356,fw_fish,8,85,93
29357,Amphibian,4,21,25
29357,Bird,28,261,289
29357,Mammal,3,87,90
29357,Reptile,3,56,59
29357,fw_fish,37,68,105
29358,Amphibian,3,22,25
29358,Bird,27,248,275
29358,Mammal,9,93,102
29358,Reptile,2,57,59
29358,fw_fish,4,47,51
29359,Amphibian,3,24,27
29359,Bird,26,249,275
29359,Mammal,8,91,99
29359,Reptile,2,50,52
29359,fw_fish,7,77,84
29366,Amphibian,2,20,22
29366,Bird,26,248,274
29366,Mammal,9,94,103
29366,Reptile,1,56,57
29366,fw_fish,18,69,87
29367,Amphibian,3,21,24
29367,Bird,24,249,273
29367,Mammal,10,95,105
29367,Reptile,1,56,57
29367,fw_fish,12,36,48
29370,Amphibian,1,20,21
29370,Bird,26,247,273
29370,Mammal,10,95,105
29370,Reptile,1,56,57
29370,fw_fish,8,67,75
29371,Amphibian,4,22,26
29371,Bird,24,253,277
29371,Mammal,7,93,100
29371,Reptile,2,57,59
29371,fw_fish,12,36,48
29372,Amphibian,3,22,25
29372,Bird,26,249,275
29372,Mammal,9,94,103
29372,Reptile,1,55,56
29372,fw_fish,12,36,48
29373,Amphibian,3,22,25
29373,Bird,24,247,271
29373,Mammal,8,94,102
29373,Reptile,2,56,58
29373,fw_fish,12,36,48
29375,Amphibian,3,22,25
29375,Bird,24,250,274
29375,Mammal,8,94,102
29375,Reptile,2,57,59
29375,fw_fish,12,36,48
29376,Amphibian,1,20,21
29376,Bird,28,248,276
29376,Mammal,10,100,110
29376,Reptile,1,55,56
29376,fw_fish,7,53,60
29377,Amphibian,1,20,21
29377,Bird,27,248,275
29377,Mammal,10,97,107
29377,Reptile,0,57,57
29377,fw_fish,5,58,63
29378,Amphibian,1,21,22
29378,Bird,29,258,287
29378,Mammal,10,103,113
29378,Reptile,1,55,56
29378,fw_fish,7,53,60
29379,Amphibian,4,22,26
29379,Bird,24,258,282
29379,Mammal,7,89,96
29379,Reptile,2,49,51
29379,fw_fish,13,38,51
29380,Amphibian,1,50,51
29380,Bird,96,283,379
29380,Mammal,13,125,138
29380,Reptile,13,66,79
29380,fw_fish,10,72,82
29381,Amphibian,4,22,26
29381,Bird,24,253,277
29381,Mammal,7,93,100
29381,Reptile,2,57,59
29381,fw_fish,12,36,48
29382,Amphibian,4,24,28
29382,Bird,24,253,277
29382,Mammal,8,88,96
29382,Reptile,3,52,55
29382,fw_fish,12,26,38
29384,Amphibian,4,23,27
29384,Bird,23,252,275
29384,Mammal,8,90,98
29384,Reptile,2,56,58
29384,fw_fish,12,26,38
29385,Amphibian,3,23,26
29385,Bird,24,249,273
29385,Mammal,8,93,101
29385,Reptile,2,60,62
29385,fw_fish,12,26,38
29386,Amphibian,3,22,25
29386,Bird,23,250,273
29386,Mammal,9,96,105
29386,Reptile,2,60,62
29386,fw_fish,15,66,81
29387,Amphibian,3,23,26
29387,Bird,23,248,271
29387,Mammal,8,91,99
29387,Reptile,2,60,62
29387,fw_fish,12,26,38
29388,Amphibian,4,23,27
29388,Bird,22,251,273
29388,Mammal,9,94,103
29388,Reptile,3,58,61
29388,fw_fish,5,55,60
29391,Amphibian,4,23,27
29391,Bird,24,252,276
29391,Mammal,8,92,100
29391,Reptile,3,56,59
29391,fw_fish,5,55,60
29394,Amphibian,3,22,25
29394,Bird,23,247,270
29394,Mammal,9,92,101
29394,Reptile,1,59,60
29394,fw_fish,5,55,60
29395,Amphibian,3,22,25
29395,Bird,27,244,271
29395,Mammal,10,90,100
29395,Reptile,1,62,63
29395,fw_fish,5,55,60
29396,Amphibian,3,22,25
29396,Bird,27,245,272
29396,Mammal,10,90,100
29396,Reptile,0,60,60
29396,fw_fish,5,55,60
29397,Amphibian,1,21,22
29397,Bird,26,240,266
29397,Mammal,9,88,97
29397,Reptile,0,60,60
29397,fw_fish,5,60,65
29398,Amphibian,4,29,33
29398,Bird,49,310,359
29398,Mammal,10,108,118
29398,Reptile,3,73,76
29398,fw_fish,10,84,94
29399,Amphibian,4,25,29
29399,Bird,26,258,284
29399,Mammal,8,88,96
29399,Reptile,3,51,54
29399,fw_fish,5,53,58
29401,Amphibian,4,23,27
29401,Bird,24,257,281
29401,Mammal,7,87,94
29401,Reptile,3,51,54
29401,fw_fish,5,46,51
29402,Amphibian,4,24,28
29402,Bird,24,254,278
29402,Mammal,8,89,97
29402,Reptile,3,51,54
29402,fw_fish,12,26,38
29404,Amphibian,4,24,28
29404,Bird,24,254,278
29404,Mammal,8,89,97
29404,Reptile,3,53,56
29404,fw_fish,5,55,60
29406,Amphibian,4,25,29
29406,Bird,25,258,283
29406,Mammal,7,91,98
29406,Reptile,2,49,51
29406,fw_fish,4,47,51
29407,Amphibian,4,24,28
29407,Bird,27,256,283
29407,Mammal,7,88,95
29407,Reptile,2,50,52
29407,fw_fish,4,48,52
29408,Amphibian,4,24,28
29408,Bird,27,256,283
29408,Mammal,7,88,95
29408,Reptile,2,50,52
29408,fw_fish,4,44,48
29409,Amphibian,4,24,28
29409,Bird,28,266,294
29409,Mammal,6,89,95
29409,Reptile,2,52,54
29409,fw_fish,8,63,71
29410,Amphibian,4,24,28
29410,Bird,28,267,295
29410,Mammal,6,92,98
29410,Reptile,4,53,57
29410,fw_fish,8,66,74
29412,Amphibian,4,22,26
29412,Bird,26,261,287
29412,Mammal,4,88,92
29412,Reptile,4,49,53
29412,fw_fish,6,49,55
29413,Amphibian,4,23,27
29413,Bird,29,272,301
29413,Mammal,4,92,96
29413,Reptile,4,47,51
29413,fw_fish,6,39,45
29414,Amphibian,3,22,25
29414,Bird,24,248,272
29414,Mammal,9,94,103
29414,Reptile,1,55,56
29414,fw_fish,12,36,48
29415,Amphibian,4,22,26
29415,Bird,26,260,286
29415,Mammal,4,88,92
29415,Reptile,4,49,53
29415,fw_fish,4,35,39
29416,Amphibian,4,21,25
29416,Bird,25,262,287
29416,Mammal,5,87,92
29416,Reptile,2,50,52
29416,fw_fish,10,25,35
29417,Amphibian,4,22,26
29417,Bird,26,261,287
29417,Mammal,7,89,96
29417,Reptile,3,52,55
29417,fw_fish,14,40,54
29419,Amphibian,4,21,25
29419,Bird,24,264,288
29419,Mammal,5,89,94
29419,Reptile,3,49,52
29419,fw_fish,10,25,35
29421,Amphibian,4,22,26
29421,Bird,30,281,311
29421,Mammal,7,99,106
29421,Reptile,3,56,59
29421,fw_fish,24,56,80
29423,Amphibian,4,21,25
29423,Bird,25,256,281
29423,Mammal,7,92,99
29423,Reptile,2,52,54
29423,fw_fish,23,47,70
29424,Amphibian,4,21,25
29424,Bird,25,255,280
29424,Mammal,7,89,96
29424,Reptile,2,51,53
29424,fw_fish,23,47,70
29425,Amphibian,4,21,25
29425,Bird,27,258,285
29425,Mammal,7,94,101
29425,Reptile,2,50,52
29425,fw_fish,23,47,70
29426,Amphibian,4,21,25
29426,Bird,26,257,283
29426,Mammal,7,90,97
29426,Reptile,2,50,52
29426,fw_fish,23,47,70
29428,Amphibian,4,22,26
29428,Bird,29,262,291
29428,Mammal,4,89,93
29428,Reptile,4,47,51
29428,fw_fish,6,35,41
29434,Amphibian,4,21,25
29434,Bird,25,258,283
29434,Mammal,5,91,96
29434,Reptile,2,50,52
29434,fw_fish,20,44,64
29435,Amphibian,4,23,27
29435,Bird,27,272,299
29435,Mammal,5,92,97
29435,Reptile,4,51,55
29435,fw_fish,10,42,52
29437,Amphibian,4,19,23
29437,Bird,26,268,294
29437,Mammal,4,89,93
29437,Reptile,3,48,51
29437,fw_fish,10,25,35
29438,Amphibian,4,20,24
29438,Bird,27,265,292
29438,Mammal,4,87,91
29438,Reptile,2,48,50
29438,fw_fish,20,44,64
29442,Amphibian,4,21,25
29442,Bird,31,264,295
29442,Mammal,6,93,99
29442,Reptile,3,58,61
29442,fw_fish,34,64,98
29443,Amphibian,4,22,26
29443,Bird,32,266,298
29443,Mammal,6,97,103
29443,Reptile,3,60,63
29443,fw_fish,30,55,85
29445,Amphibian,4,22,26
29445,Bird,32,272,304
29445,Mammal,6,96,102
29445,Reptile,2,56,58
29445,fw_fish,24,56,80
29446,Amphibian,5,50,55
29446,Bird,92,364,456
29446,Mammal,13,153,166
29446,Reptile,12,86,98
29446,fw_fish,39,103,142
29448,Amphibian,4,21,25
29448,Bird,27,262,289
29448,Mammal,4,93,97
29448,Reptile,2,50,52
29448,fw_fish,24,51,75
29450,Amphibian,4,25,29
29450,Bird,25,256,281
29450,Mammal,8,89,97
29450,Reptile,3,51,54
29450,fw_fish,15,60,75
29451,Amphibian,3,22,25
29451,Bird,22,251,273
29451,Mammal,9,94,103
29451,Reptile,2,60,62
29451,fw_fish,5,58,63
29453,Amphibian,1,22,23
29453,Bird,36,261,297
29453,Mammal,6,93,99
29453,Reptile,2,54,56
29453,fw_fish,29,57,86
29454,Amphibian,1,31,32
29454,Bird,59,284,343
29454,Mammal,7,113,120
29454,Reptile,1,62,63
29454,fw_fish,34,83,117
29455,Amphibian,2,21,23
29455,Bird,36,265,301
29455,Mammal,7,98,105
29455,Reptile,3,59,62
29455,fw_fish,29,57,86
29456,Amphibian,1,28,29
29456,Bird,55,276,331
29456,Mammal,6,106,112
29456,Reptile,1,57,58
29456,fw_fish,34,83,117
29459,Amphibian,1,34,35
29459,Bird,72,302,374
29459,Mammal,8,112,120
29459,Reptile,8,68,76
29459,fw_fish,7,44,51
29460,Amphibian,1,28,29
29460,Bird,52,290,342
29460,Mammal,6,104,110
29460,Reptile,3,64,67
29460,fw_fish,36,85,121
29461,Amphibian,1,37,38
29461,Bird,67,301,368
29461,Mammal,10,101,111
29461,Reptile,7,66,73
29461,fw_fish,19,73,92
29462,Amphibian,1,38,39
29462,Bird,73,308,381
29462,Mammal,11,107,118
29462,Reptile,8,68,76
29462,fw_fish,19,73,92
29463,Amphibian,1,24,25
29463,Bird,27,236,263
29463,Mammal,8,86,94
29463,Reptile,1,59,60
29463,fw_fish,6,63,69
29464,Amphibian,1,26,27
29464,Bird,40,265,305
29464,Mammal,6,96,102
29464,Reptile,4,59,63
29464,fw_fish,12,59,71
29465,Amphibian,4,42,46
29465,Bird,74,316,390
29465,Mammal,11,116,127
29465,Reptile,8,71,79
29465,fw_fish,36,90,126
29466,Amphibian,1,25,26
29466,Bird,42,271,313
29466,Mammal,6,99,105
29466,Reptile,3,62,65
29466,fw_fish,30,57,87
29468,Amphibian,0,41,41
29468,Bird,79,288,367
29468,Mammal,8,123,131
29468,Reptile,5,58,63
29468,fw_fish,5,46,51
29470,Amphibian,1,33,34
29470,Bird,65,285,350
29470,Mammal,9,119,128
29470,Reptile,1,63,64
29470,fw_fish,8,46,54
29472,Amphibian,2,44,46
29472,Bird,90,306,396
29472,Mammal,14,134,148
29472,Reptile,13,74,87
29472,fw_fish,8,49,57
29477,Amphibian,3,21,24
29477,Bird,32,273,305
29477,Mammal,7,103,110
29477,Reptile,3,60,63
29477,fw_fish,29,57,86
29478,Amphibian,1,20,21
29478,Bird,27,248,275
29478,Mammal,10,96,106
29478,Reptile,1,54,55
29478,fw_fish,7,53,60
29484,Amphibian,2,53,55
29484,Bird,94,303,397
29484,Mammal,14,139,153
29484,Reptile,13,74,87
29484,fw_fish,11,78,89
29487,Amphibian,1,30,31
29487,Bird,60,291,351
29487,Mammal,10,113,123
29487,Reptile,8,66,74
29487,fw_fish,8,49,57
29488,Amphibian,2,36,38
29488,Bird,78,289,367
29488,Mammal,11,118,129
29488,Reptile,11,69,80
29488,fw_fish,8,48,56
29496,Amphibian,1,39,40
29496,Bird,92,271,363
29496,Mammal,15,125,140
29496,Reptile,11,69,80
29496,fw_fish,9,82,91
29497,Amphibian,0,32,32
29497,Bird,80,272,352
29497,Mammal,10,129,139
29497,Reptile,7,59,66
29497,fw_fish,8,69,77
29498,Amphibian,0,36,36
29498,Bird,90,265,355
29498,Mammal,15,121,136
29498,Reptile,8,63,71
29498,fw_fish,8,73,81
29499,Amphibian,0,37,37
29499,Bird,92,272,364
29499,Mammal,15,125,140
29499,Reptile,10,63,73
29499,fw_fish,9,81,90
29500,Amphibian,0,36,36
29500,Bird,92,285,377
29500,Mammal,14,129,143
29500,Reptile,8,62,70
29500,fw_fish,8,69,77
29503,Amphibian,1,39,40
29503,Bird,93,286,379
29503,Mammal,15,118,133
29503,Reptile,12,69,81
29503,fw_fish,9,78,87
29504,Amphibian,1,39,40
29504,Bird,98,291,389
29504,Mammal,15,116,131
29504,Reptile,14,68,82
29504,fw_fish,9,80,89
29505,Amphibian,1,40,41
29505,Bird,98,289,387
29505,Mammal,15,114,129
29505,Reptile,14,65,79
29505,fw_fish,10,89,99
29506,Amphibian,1,40,41
29506,Bird,94,273,367
29506,Mammal,15,123,138
29506,Reptile,11,69,80
29506,fw_fish,10,89,99
29508,Amphibian,1,40,41
29508,Bird,93,267,360
29508,Mammal,14,118,132
29508,Reptile,12,66,78
29508,fw_fish,10,84,94
29509,Amphibian,1,40,41
29509,Bird,94,271,365
29509,Mammal,14,114,128
29509,Reptile,14,65,79
29509,fw_fish,10,84,94
29514,Amphibian,0,38,38
29514,Bird,93,283,376
29514,Mammal,15,121,136
29514,Reptile,8,65,73
29514,fw_fish,10,89,99
29515,Amphibian,1,37,38
29515,Bird,93,274,367
29515,Mammal,14,118,132
29515,Reptile,10,65,75
29515,fw_fish,10,82,92
29516,Amphibian,1,37,38
29516,Bird,93,273,366
29516,Mammal,14,119,133
29516,Reptile,11,64,75
29516,fw_fish,10,82,92
29520,Amphibian,1,38,39
29520,Bird,97,273,370
29520,Mammal,15,113,128
29520,Reptile,14,67,81
29520,fw_fish,10,84,94
29524,Amphibian,1,30,31
29524,Bird,72,297,369
29524,Mammal,7,116,123
29524,Reptile,7,57,64
29524,fw_fish,8,47,55
29525,Amphibian,1,29,30
29525,Bird,74,304,378
29525,Mammal,7,120,127
29525,Reptile,9,64,73
29525,fw_fish,8,58,66
29526,Amphibian,1,37,38
29526,Bird,81,307,388
29526,Mammal,8,125,133
29526,Reptile,6,62,68
29526,fw_fish,9,61,70
29527,Amphibian,1,34,35
29527,Bird,77,301,378
29527,Mammal,7,124,131
29527,Reptile,6,60,66
29527,fw_fish,6,58,64
29530,Amphibian,0,38,38
29530,Bird,95,289,384
29530,Mammal,13,120,133
29530,Reptile,10,65,75
29530,fw_fish,10,80,90
29534,Amphibian,0,32,32
29534,Bird,86,300,386
29534,Mammal,11,120,131
29534,Reptile,5,59,64
29534,fw_fish,7,62,69
29535,Amphibian,0,35,35
29535,Bird,91,299,390
29535,Mammal,12,120,132
29535,Reptile,6,65,71
29535,fw_fish,7,59,66
29542,Amphibian,0,38,38
29542,Bird,91,299,390
29542,Mammal,12,121,133
29542,Reptile,10,63,73
29542,fw_fish,7,59,66
29545,Amphibian,2,24,26
29545,Bird,64,314,378
29545,Mammal,8,122,130
29545,Reptile,3,56,59
29545,fw_fish,7,65,72
29546,Amphibian,4,19,23
29546,Bird,31,304,335
29546,Mammal,3,107,110
29546,Reptile,2,54,56
29546,fw_fish,9,52,61
29547,Amphibian,4,23,27
29547,Bird,38,310,348
29547,Mammal,3,109,112
29547,Reptile,3,56,59
29547,fw_fish,9,52,61
29549,Amphibian,4,20,24
29549,Bird,34,308,342
29549,Mammal,4,107,111
29549,Reptile,2,56,58
29549,fw_fish,10,57,67
29552,Amphibian,3,50,53
29552,Bird,104,391,495
29552,Mammal,16,167,183
29552,Reptile,13,90,103
29552,fw_fish,10,90,100
29556,Amphibian,2,23,25
29556,Bird,63,322,385
29556,Mammal,7,116,123
29556,Reptile,3,55,58
29556,fw_fish,5,45,50
29560,Amphibian,4,19,23
29560,Bird,31,286,317
29560,Mammal,4,103,107
29560,Reptile,3,53,56
29560,fw_fish,18,63,81
29566,Amphibian,4,27,31
29566,Bird,55,334,389
29566,Mammal,7,126,133
29566,Reptile,3,61,64
29566,fw_fish,13,46,59
29567,Amphibian,4,28,32
29567,Bird,52,348,400
29567,Mammal,7,126,133
29567,Reptile,3,60,63
29567,fw_fish,13,46,59
29570,Amphibian,1,49,50
29570,Bird,95,275,370
29570,Mammal,14,130,144
29570,Reptile,12,64,76
29570,fw_fish,17,69,86
29572,Amphibian,2,58,60
29572,Bird,96,318,414
29572,Mammal,14,146,160
29572,Reptile,13,78,91
29572,fw_fish,17,69,86
29580,Amphibian,0,31,31
29580,Bird,80,299,379
29580,Mammal,9,123,132
29580,Reptile,5,57,62
29580,fw_fish,6,54,60
29581,Amphibian,1,38,39
29581,Bird,91,294,385
29581,Mammal,14,118,132
29581,Reptile,10,69,79
29581,fw_fish,6,59,65
29583,Amphibian,1,38,39
29583,Bird,96,267,363
29583,Mammal,15,111,126
29583,Reptile,14,64,78
29583,fw_fish,8,66,74
29585,Amphibian,1,36,37
29585,Bird,92,254,346
29585,Mammal,13,108,121
29585,Reptile,13,63,76
29585,fw_fish,8,62,70
29586,Amphibian,4,21,25
29586,Bird,26,291,317
29586,Mammal,3,98,101
29586,Reptile,2,53,55
29586,fw_fish,13,52,65
29594,Amphibian,1,38,39
29594,Bird,91,256,347
29594,Mammal,15,115,130
29594,Reptile,12,65,77
29594,fw_fish,7,61,68
29596,Amphibian,1,50,51
29596,Bird,95,285,380
29596,Mammal,14,137,151
29596,Reptile,12,70,82
29596,fw_fish,16,64,80
29597,Amphibian,1,45,46
29597,Bird,94,262,356
29597,Mammal,14,125,139
29597,Reptile,12,61,73
29597,fw_fish,12,64,76
29598,Amphibian,1,34,35
29598,Bird,94,278,372
29598,Mammal,13,132,145
29598,Reptile,11,68,79
29598,fw_fish,7,61,68
29600,Amphibian,3,24,27
29600,Bird,52,318,370
29600,Mammal,7,108,115
29600,Reptile,3,53,56
29600,fw_fish,8,55,63
29605,Amphibian,4,20,24
29605,Bird,27,288,315
29605,Mammal,3,99,102
29605,Reptile,2,53,55
29605,fw_fish,11,55,66
29613,Amphibian,1,42,43
29613,Bird,93,285,378
29613,Mammal,11,125,136
29613,Reptile,9,69,78
29613,fw_fish,7,56,63
29614,Amphibian,1,33,34
29614,Bird,87,303,390
29614,Mammal,8,129,137
29614,Reptile,6,67,73
29614,fw_fish,6,57,63
29615,Amphibian,3,24,27
29615,Bird,57,314,371
29615,Mammal,7,111,118
29615,Reptile,4,53,57
29615,fw_fish,7,66,73
29617,Amphibian,2,24,26
29617,Bird,55,308,363
29617,Mammal,6,112,118
29617,Reptile,3,51,54
29617,fw_fish,7,49,56
29618,Amphibian,4,21,25
29618,Bird,26,272,298
29618,Mammal,3,86,89
29618,Reptile,4,47,51
29618,fw_fish,9,27,36
29619,Amphibian,4,19,23
29619,Bird,28,266,294
29619,Mammal,3,92,95
29619,Reptile,2,50,52
29619,fw_fish,9,27,36
29620,Amphibian,4,20,24
29620,Bird,27,266,293
29620,Mammal,3,93,96
29620,Reptile,2,49,51
29620,fw_fish,9,26,35
29623,Amphibian,4,19,23
29623,Bird,30,263,293
29623,Mammal,5,96,101
29623,Reptile,2,53,55
29623,fw_fish,9,30,39
29624,Amphibian,4,19,23
29624,Bird,31,265,296
29624,Mammal,6,95,101
29624,Reptile,2,51,53
29624,fw_fish,11,32,43
29628,Amphibian,4,19,23
29628,Bird,30,270,300
29628,Mammal,5,100,105
29628,Reptile,2,52,54
29628,fw_fish,12,53,65
29629,Amphibian,1,32,33
29629,Bird,76,332,408
29629,Mammal,8,135,143
29629,Reptile,6,59,65
29629,fw_fish,7,59,66
29631,Amphibian,1,39,40
29631,Bird,92,313,405
29631,Mammal,10,132,142
29631,Reptile,8,73,81
29631,fw_fish,6,59,65
29632,Amphibian,1,42,43
29632,Bird,94,297,391
29632,Mammal,14,120,134
29632,Reptile,11,72,83
29632,fw_fish,7,74,81
29634,Amphibian,0,40,40
29634,Bird,92,292,384
29634,Mammal,13,119,132
29634,Reptile,10,71,81
29634,fw_fish,7,74,81
29635,Amphibian,1,37,38
29635,Bird,98,271,369
29635,Mammal,15,115,130
29635,Reptile,13,62,75
29635,fw_fish,7,73,80
29636,Amphibian,2,48,50
29636,Bird,96,250,346
29636,Mammal,13,113,126
29636,Reptile,13,65,78
29636,fw_fish,9,71,80
29637,Amphibian,1,39,40
29637,Bird,90,261,351
29637,Mammal,15,110,125
29637,Reptile,13,65,78
29637,fw_fish,7,61,68
29638,Amphibian,1,42,43
29638,Bird,97,260,357
29638,Mammal,13,112,125
29638,Reptile,13,63,76
29638,fw_fish,8,66,74
29640,Amphibian,1,37,38
29640,Bird,94,248,342
29640,Mammal,12,108,120
29640,Reptile,13,63,76
29640,fw_fish,10,80,90
29644,Amphibian,3,21,24
29644,Bird,34,283,317
29644,Mammal,6,98,104
29644,Reptile,3,50,53
29644,fw_fish,7,45,52
29806,Amphibian,3,25,28
29806,Bird,40,279,319
29806,Mammal,5,94,99
29806,Reptile,2,51,53
29806,fw_fish,6,59,65
29968,Amphibian,0,36,36
29968,Bird,77,320,397
29968,Mammal,10,128,138
29968,Reptile,0,55,55
29968,fw_fish,20,73,93
29972,Amphibian,0,38,38
29972,Bird,84,261,345
29972,Mammal,8,107,115
29972,Reptile,7,56,63
29972,fw_fish,19,77,96
29973,Amphibian,0,42,42
29973,Bird,82,310,392
29973,Mammal,10,129,139
29973,Reptile,3,64,67
29973,fw_fish,21,75,96
29974,Amphibian,0,41,41
29974,Bird,82,284,366
29974,Mammal,10,124,134
29974,Reptile,3,58,61
29974,fw_fish,7,53,60
29980,Amphibian,0,29,29
29980,Bird,65,302,367
29980,Mammal,9,118,127
29980,Reptile,1,53,54
29980,fw_fish,21,78,99
29981,Amphibian,0,22,22
29981,Bird,43,270,313
29981,Mammal,11,111,122
29981,Reptile,0,53,53
29981,fw_fish,8,51,59
29982,Amphibian,0,31,31
29982,Bird,67,288,355
29982,Mammal,6,105,111
29982,Reptile,0,52,52
29982,fw_fish,21,78,99
29983,Amphibian,0,37,37
29983,Bird,83,263,346
29983,Mammal,7,104,111
29983,Reptile,5,55,60
29983,fw_fish,19,77,96
29985,Amphibian,0,36,36
29985,Bird,72,259,331
29985,Mammal,7,108,115
29985,Reptile,3,55,58
29985,fw_fish,18,83,101
29986,Amphibian,0,36,36
29986,Bird,83,253,336
29986,Mammal,6,95,101
29986,Reptile,7,55,62
29986,fw_fish,23,84,107
29990,Amphibian,0,42,42
29990,Bird,81,286,367
29990,Mammal,10,125,135
29990,Reptile,3,60,63
29990,fw_fish,20,74,94
29999,Amphibian,0,30,30
29999,Bird,75,280,355
29999,Mammal,5,99,104
29999,Reptile,0,52,52
29999,fw_fish,13,67,80
30017,Amphibian,0,5,5
30017,Bird,39,236,275
30017,Mammal,7,45,52
30017,Reptile,6,19,25
30017,fw_fish,2,3,5
31330,Amphibian,4,22,26
31330,Bird,53,360,413
31330,Mammal,4,88,92
31330,Reptile,3,53,56
31330,fw_fish,12,61,73
32995,Amphibian,4,22,26
32995,Bird,29,296,325
32995,Mammal,3,99,102
32995,Reptile,2,58,60
32995,fw_fish,11,37,48
32999,Amphibian,0,22,22
32999,Bird,47,265,312
32999,Mammal,8,100,108
32999,Reptile,3,63,66
32999,fw_fish,14,43,57
33005,Amphibian,0,24,24
33005,Bird,54,278,332
33005,Mammal,7,92,99
33005,Reptile,6,68,74
33005,fw_fish,30,76,106
33007,Amphibian,1,23,24
33007,Bird,34,264,298
33007,Mammal,8,106,114
33007,Reptile,3,63,66
33007,fw_fish,14,43,57
33010,Amphibian,3,19,22
33010,Bird,32,286,318
33010,Mammal,6,104,110
33010,Reptile,3,62,65
33010,fw_fish,11,37,48
33018,Amphibian,2,20,22
33018,Bird,31,275,306
33018,Mammal,6,101,107
33018,Reptile,3,57,60
33018,fw_fish,14,43,57
33019,Amphibian,3,20,23
33019,Bird,32,284,316
33019,Mammal,5,100,105
33019,Reptile,3,57,60
33019,fw_fish,14,43,57
33020,Amphibian,2,24,26
33020,Bird,32,281,313
33020,Mammal,6,103,109
33020,Reptile,3,57,60
33020,fw_fish,14,43,57
33046,Amphibian,3,24,27
33046,Bird,52,331,383
33046,Mammal,5,89,94
33046,Reptile,2,54,56
33046,fw_fish,7,49,56
33048,Amphibian,3,25,28
33048,Bird,48,300,348
33048,Mammal,6,99,105
33048,Reptile,2,55,57
33048,fw_fish,6,59,65
33049,Amphibian,3,24,27
33049,Bird,51,296,347
33049,Mammal,6,96,102
33049,Reptile,3,56,59
33049,fw_fish,6,73,79
33050,Amphibian,3,27,30
33050,Bird,37,287,324
33050,Mammal,7,105,112
33050,Reptile,3,55,58
33050,fw_fish,7,87,94
33145,Amphibian,0,41,41
33145,Bird,92,277,369
33145,Mammal,15,129,144
33145,Reptile,9,67,76
33145,fw_fish,9,70,79
33149,Amphibian,2,31,33
33149,Bird,92,257,349
33149,Mammal,8,81,89
33149,Reptile,11,54,65
33149,fw_fish,25,53,78
33510,Amphibian,3,22,25
33510,Bird,24,253,277
33510,Mammal,8,92,100
33510,Reptile,2,58,60
33510,fw_fish,12,36,48
35161,Amphibian,4,22,26
35161,Bird,28,312,340
35161,Mammal,5,96,101
35161,Reptile,2,57,59
35161,fw_fish,15,27,42
36026,Amphibian,1,38,39
36026,Bird,86,249,335
36026,Mammal,10,107,117
36026,Reptile,13,60,73
36026,fw_fish,12,67,79
36164,Amphibian,1,11,12
36164,Bird,37,250,287
36164,Mammal,7,53,60
36164,Reptile,9,36,45
36164,fw_fish,10,26,36
36165,Amphibian,1,13,14
36165,Bird,35,267,302
36165,Mammal,6,58,64
36165,Reptile,9,38,47
36165,fw_fish,23,36,59
36166,Amphibian,1,9,10
36166,Bird,37,240,277
36166,Mammal,7,47,54
36166,Reptile,9,30,39
36166,fw_fish,10,26,36
36167,Amphibian,1,12,13
36167,Bird,37,254,291
36167,Mammal,7,58,65
36167,Reptile,9,40,49
36167,fw_fish,23,36,59
36168,Amphibian,1,12,13
36168,Bird,36,257,293
36168,Mammal,5,59,64
36168,Reptile,8,38,46
36168,fw_fish,22,33,55
36169,Amphibian,1,9,10
36169,Bird,37,236,273
36169,Mammal,7,46,53
36169,Reptile,9,29,38
36169,fw_fish,10,26,36
36170,Amphibian,1,9,10
36170,Bird,37,236,273
36170,Mammal,7,47,54
36170,Reptile,9,29,38
36170,fw_fish,11,26,37
36171,Amphibian,1,9,10
36171,Bird,37,238,275
36171,Mammal,7,47,54
36171,Reptile,9,29,38
36171,fw_fish,11,24,35
36172,Amphibian,0,8,8
36172,Bird,37,235,272
36172,Mammal,7,47,54
36172,Reptile,9,28,37
36172,fw_fish,11,24,35
36173,Amphibian,0,7,7
36173,Bird,37,232,269
36173,Mammal,7,46,53
36173,Reptile,9,28,37
36173,fw_fish,1,7,8
36174,Amphibian,0,7,7
36174,Bird,37,238,275
36174,Mammal,6,48,54
36174,Reptile,9,28,37
36174,fw_fish,5,17,22
36175,Amphibian,1,9,10
36175,Bird,38,249,287
36175,Mammal,6,54,60
36175,Reptile,9,34,43
36175,fw_fish,13,27,40
36176,Amphibian,1,10,11
36176,Bird,38,256,294
36176,Mammal,5,56,61
36176,Reptile,9,36,45
36176,fw_fish,9,18,27
36177,Amphibian,1,13,14
36177,Bird,38,271,309
36177,Mammal,5,58,63
36177,Reptile,10,36,46
36177,fw_fish,10,20,30
36178,Amphibian,1,9,10
36178,Bird,37,242,279
36178,Mammal,7,54,61
36178,Reptile,9,36,45
36178,fw_fish,11,24,35
36179,Amphibian,0,7,7
36179,Bird,37,235,272
36179,Mammal,5,48,53
36179,Reptile,9,28,37
36179,fw_fish,5,17,22
36180,Amphibian,0,8,8
36180,Bird,37,244,281
36180,Mammal,5,52,57
36180,Reptile,9,31,40
36180,fw_fish,5,17,22
36181,Amphibian,1,9,10
36181,Bird,38,248,286
36181,Mammal,5,54,59
36181,Reptile,9,32,41
36181,fw_fish,5,17,22
36182,Amphibian,1,9,10
36182,Bird,38,257,295
36182,Mammal,4,53,57
36182,Reptile,9,35,44
36182,fw_fish,5,17,22
36183,Amphibian,1,18,19
36183,Bird,39,303,342
36183,Mammal,5,68,73
36183,Reptile,10,48,58
36183,fw_fish,5,17,22
36184,Amphibian,1,10,11
36184,Bird,38,260,298
36184,Mammal,4,56,60
36184,Reptile,9,34,43
36184,fw_fish,5,17,22
36185,Amphibian,1,9,10
36185,Bird,38,259,297
36185,Mammal,4,56,60
36185,Reptile,9,34,43
36185,fw_fish,5,17,22
36186,Amphibian,1,9,10
36186,Bird,38,257,295
36186,Mammal,4,55,59
36186,Reptile,9,34,43
36186,fw_fish,5,17,22
36187,Amphibian,1,9,10
36187,Bird,38,260,298
36187,Mammal,4,55,59
36187,Reptile,9,34,43
36187,fw_fish,5,17,22
36188,Amphibian,1,9,10
36188,Bird,38,258,296
36188,Mammal,4,54,58
36188,Reptile,9,34,43
36188,fw_fish,5,17,22
36189,Amphibian,1,9,10
36189,Bird,38,257,295
36189,Mammal,4,54,58
36189,Reptile,9,34,43
36189,fw_fish,5,17,22
36190,Amphibian,1,9,10
36190,Bird,38,255,293
36190,Mammal,4,54,58
36190,Reptile,9,34,43
36190,fw_fish,5,17,22
36191,Amphibian,1,9,10
36191,Bird,38,256,294
36191,Mammal,4,53,57
36191,Reptile,9,34,43
36191,fw_fish,5,17,22
36193,Amphibian,0,8,8
36193,Bird,38,247,285
36193,Mammal,4,49,53
36193,Reptile,9,35,44
36193,fw_fish,4,13,17
36194,Amphibian,0,8,8
36194,Bird,38,247,285
36194,Mammal,4,48,52
36194,Reptile,9,35,44
36194,fw_fish,4,13,17
36195,Amphibian,0,8,8
36195,Bird,38,251,289
36195,Mammal,4,48,52
36195,Reptile,9,34,43
36195,fw_fish,4,13,17
36196,Amphibian,0,8,8
36196,Bird,38,254,292
36196,Mammal,4,48,52
36196,Reptile,9,35,44
36196,fw_fish,4,13,17
36197,Amphibian,0,8,8
36197,Bird,39,252,291
36197,Mammal,4,48,52
36197,Reptile,9,34,43
36197,fw_fish,4,13,17
36198,Amphibian,0,7,7
36198,Bird,39,248,287
36198,Mammal,4,48,52
36198,Reptile,9,33,42
36198,fw_fish,4,13,17
36199,Amphibian,0,7,7
36199,Bird,39,247,286
36199,Mammal,4,48,52
36199,Reptile,9,33,42
36199,fw_fish,4,13,17
36200,Amphibian,1,10,11
36200,Bird,38,258,296
36200,Mammal,4,49,53
36200,Reptile,9,34,43
36200,fw_fish,1,1,2
36201,Amphibian,1,8,9
36201,Bird,38,255,293
36201,Mammal,4,50,54
36201,Reptile,9,35,44
36201,fw_fish,1,1,2
36202,Amphibian,0,6,6
36202,Bird,39,256,295
36202,Mammal,4,46,50
36202,Reptile,10,31,41
36202,fw_fish,2,7,9
36203,Amphibian,0,7,7
36203,Bird,38,256,294
36203,Mammal,4,46,50
36203,Reptile,9,30,39
36203,fw_fish,2,7,9
36204,Amphibian,0,6,6
36204,Bird,38,251,289
36204,Mammal,4,45,49
36204,Reptile,9,30,39
36204,fw_fish,10,19,29
36205,Amphibian,0,6,6
36205,Bird,42,251,293
36205,Mammal,5,45,50
36205,Reptile,9,28,37
36205,fw_fish,10,19,29
36206,Amphibian,0,6,6
36206,Bird,44,270,314
36206,Mammal,5,52,57
36206,Reptile,7,27,34
36206,fw_fish,10,20,30
36207,Amphibian,0,5,5
36207,Bird,46,263,309
36207,Mammal,5,47,52
36207,Reptile,9,25,34
36207,fw_fish,22,41,63
36208,Amphibian,0,5,5
36208,Bird,47,279,326
36208,Mammal,6,51,57
36208,Reptile,7,24,31
36208,fw_fish,22,40,62
36209,Amphibian,0,5,5
36209,Bird,48,273,321
36209,Mammal,6,51,57
36209,Reptile,7,22,29
36209,fw_fish,20,37,57
36210,Amphibian,0,5,5
36210,Bird,47,257,304
36210,Mammal,7,49,56
36210,Reptile,8,22,30
36210,fw_fish,22,40,62
36211,Amphibian,0,5,5
36211,Bird,49,287,336
36211,Mammal,6,54,60
36211,Reptile,7,22,29
36211,fw_fish,13,26,39
36212,Amphibian,0,5,5
36212,Bird,49,287,336
36212,Mammal,6,54,60
36212,Reptile,7,22,29
36212,fw_fish,13,26,39
36213,Amphibian,1,8,9
36213,Bird,47,294,341
36213,Mammal,7,60,67
36213,Reptile,6,20,26
36213,fw_fish,14,26,40
36214,Amphibian,1,8,9
36214,Bird,47,297,344
36214,Mammal,7,60,67
36214,Reptile,6,24,30
36214,fw_fish,14,26,40
36215,Amphibian,1,8,9
36215,Bird,43,297,340
36215,Mammal,6,60,66
36215,Reptile,6,28,34
36215,fw_fish,14,26,40
36216,Amphibian,1,5,6
36216,Bird,49,292,341
36216,Mammal,6,57,63
36216,Reptile,7,23,30
36216,fw_fish,14,27,41
36217,Amphibian,1,9,10
36217,Bird,44,299,343
36217,Mammal,7,61,68
36217,Reptile,6,26,32
36217,fw_fish,14,26,40
36218,Amphibian,1,10,11
36218,Bird,43,299,342
36218,Mammal,7,61,68
36218,Reptile,6,28,34
36218,fw_fish,30,46,76
36219,Amphibian,1,8,9
36219,Bird,43,292,335
36219,Mammal,7,57,64
36219,Reptile,7,27,34
36219,fw_fish,20,37,57
36220,Amphibian,1,11,12
36220,Bird,42,298,340
36220,Mammal,7,60,67
36220,Reptile,7,27,34
36220,fw_fish,30,46,76
36221,Amphibian,1,11,12
36221,Bird,43,299,342
36221,Mammal,7,63,70
36221,Reptile,6,30,36
36221,fw_fish,30,46,76
36222,Amphibian,1,13,14
36222,Bird,42,297,339
36222,Mammal,5,64,69
36222,Reptile,5,30,35
36222,fw_fish,30,46,76
36223,Amphibian,1,14,15
36223,Bird,44,299,343
36223,Mammal,6,63,69
36223,Reptile,6,29,35
36223,fw_fish,14,25,39
36224,Amphibian,0,5,5
36224,Bird,49,283,332
36224,Mammal,6,53,59
36224,Reptile,7,23,30
36224,fw_fish,13,26,39
36225,Amphibian,1,8,9
36225,Bird,43,270,313
36225,Mammal,5,51,56
36225,Reptile,7,27,34
36225,fw_fish,22,40,62
36226,Amphibian,1,8,9
36226,Bird,43,282,325
36226,Mammal,5,54,59
36226,Reptile,8,28,36
36226,fw_fish,10,22,32
36227,Amphibian,1,12,13
36227,Bird,43,291,334
36227,Mammal,6,54,60
36227,Reptile,8,28,36
36227,fw_fish,10,20,30
36228,Amphibian,1,9,10
36228,Bird,45,287,332
36228,Mammal,6,54,60
36228,Reptile,8,30,38
36228,fw_fish,13,25,38
36229,Amphibian,1,8,9
36229,Bird,44,288,332
36229,Mammal,6,55,61
36229,Reptile,7,27,34
36229,fw_fish,13,25,38
36230,Amphibian,0,6,6
36230,Bird,45,280,325
36230,Mammal,5,55,60
36230,Reptile,7,25,32
36230,fw_fish,14,28,42
36231,Amphibian,1,8,9
36231,Bird,45,291,336
36231,Mammal,6,59,65
36231,Reptile,6,23,29
36231,fw_fish,18,36,54
36232,Amphibian,1,8,9
36232,Bird,44,290,334
36232,Mammal,6,58,64
36232,Reptile,6,26,32
36232,fw_fish,17,34,51
36233,Amphibian,1,8,9
36233,Bird,44,295,339
36233,Mammal,6,59,65
36233,Reptile,6,28,34
36233,fw_fish,29,46,75
36234,Amphibian,1,8,9
36234,Bird,43,293,336
36234,Mammal,6,59,65
36234,Reptile,6,28,34
36234,fw_fish,29,46,75
36235,Amphibian,1,8,9
36235,Bird,41,292,333
36235,Mammal,6,58,64
36235,Reptile,6,29,35
36235,fw_fish,17,34,51
36236,Amphibian,1,12,13
36236,Bird,41,295,336
36236,Mammal,6,60,66
36236,Reptile,6,30,36
36236,fw_fish,13,24,37
36237,Amphibian,1,15,16
36237,Bird,41,295,336
36237,Mammal,5,61,66
36237,Reptile,5,31,36
36237,fw_fish,29,46,75
36238,Amphibian,1,14,15
36238,Bird,43,298,341
36238,Mammal,6,63,69
36238,Reptile,6,30,36
36238,fw_fish,29,46,75
36239,Amphibian,1,15,16
36239,Bird,42,296,338
36239,Mammal,6,63,69
36239,Reptile,5,31,36
36239,fw_fish,29,46,75
36240,Amphibian,1,11,12
36240,Bird,40,276,316
36240,Mammal,4,51,55
36240,Reptile,8,30,38
36240,fw_fish,18,27,45
36241,Amphibian,1,12,13
36241,Bird,40,284,324
36241,Mammal,4,53,57
36241,Reptile,9,31,40
36241,fw_fish,18,27,45
36242,Amphibian,1,9,10
36242,Bird,41,268,309
36242,Mammal,5,51,56
36242,Reptile,8,28,36
36242,fw_fish,10,19,29
36243,Amphibian,1,10,11
36243,Bird,42,287,329
36243,Mammal,6,53,59
36243,Reptile,9,29,38
36243,fw_fish,10,21,31
36244,Amphibian,1,10,11
36244,Bird,42,285,327
36244,Mammal,6,53,59
36244,Reptile,8,29,37
36244,fw_fish,10,20,30
36245,Amphibian,1,18,19
36245,Bird,39,297,336
36245,Mammal,5,66,71
36245,Reptile,6,33,39
36245,fw_fish,31,46,77
36246,Amphibian,1,18,19
36246,Bird,39,291,330
36246,Mammal,3,62,65
36246,Reptile,7,34,41
36246,fw_fish,8,18,26
36247,Amphibian,1,19,20
36247,Bird,40,286,326
36247,Mammal,2,61,63
36247,Reptile,7,33,40
36247,fw_fish,7,18,25
36248,Amphibian,1,13,14
36248,Bird,42,288,330
36248,Mammal,5,57,62
36248,Reptile,8,30,38
36248,fw_fish,10,20,30
36249,Amphibian,1,16,17
36249,Bird,43,292,335
36249,Mammal,5,58,63
36249,Reptile,8,34,42
36249,fw_fish,9,20,29
36250,Amphibian,1,11,12
36250,Bird,38,261,299
36250,Mammal,4,48,52
36250,Reptile,9,31,40
36250,fw_fish,12,18,30
36251,Amphibian,1,10,11
36251,Bird,38,261,299
36251,Mammal,4,48,52
36251,Reptile,9,31,40
36251,fw_fish,12,18,30
36252,Amphibian,1,16,17
36252,Bird,39,276,315
36252,Mammal,3,53,56
36252,Reptile,10,32,42
36252,fw_fish,12,18,30
36253,Amphibian,1,14,15
36253,Bird,39,272,311
36253,Mammal,4,53,57
36253,Reptile,10,32,42
36253,fw_fish,12,18,30
36254,Amphibian,1,15,16
36254,Bird,39,273,312
36254,Mammal,4,53,57
36254,Reptile,10,31,41
36254,fw_fish,12,18,30
36255,Amphibian,1,13,14
36255,Bird,39,269,308
36255,Mammal,4,51,55
36255,Reptile,10,32,42
36255,fw_fish,12,18,30
36256,Amphibian,1,13,14
36256,Bird,39,269,308
36256,Mammal,4,51,55
36256,Reptile,10,32,42
36256,fw_fish,12,18,30
36257,Amphibian,1,11,12
36257,Bird,39,268,307
36257,Mammal,4,51,55
36257,Reptile,10,32,42
36257,fw_fish,12,18,30
36258,Amphibian,1,10,11
36258,Bird,37,263,300
36258,Mammal,4,49,53
36258,Reptile,9,30,39
36258,fw_fish,12,18,30
36259,Amphibian,1,12,13
36259,Bird,40,267,307
36259,Mammal,4,51,55
36259,Reptile,9,32,41
36259,fw_fish,12,18,30
36260,Amphibian,1,13,14
36260,Bird,39,272,311
36260,Mammal,4,51,55
36260,Reptile,9,32,41
36260,fw_fish,12,18,30
36261,Amphibian,1,13,14
36261,Bird,40,273,313
36261,Mammal,4,51,55
36261,Reptile,9,33,42
36261,fw_fish,12,18,30
36262,Amphibian,1,10,11
36262,Bird,40,266,306
36262,Mammal,4,51,55
36262,Reptile,8,31,39
36262,fw_fish,12,18,30
36263,Amphibian,1,9,10
36263,Bird,39,264,303
36263,Mammal,4,50,54
36263,Reptile,8,31,39
36263,fw_fish,12,20,32
36264,Amphibian,1,9,10
36264,Bird,39,264,303
36264,Mammal,4,50,54
36264,Reptile,8,31,39
36264,fw_fish,12,20,32
36265,Amphibian,0,8,8
36265,Bird,39,258,297
36265,Mammal,4,47,51
36265,Reptile,8,31,39
36265,fw_fish,2,7,9
36266,Amphibian,1,9,10
36266,Bird,39,261,300
36266,Mammal,4,49,53
36266,Reptile,8,31,39
36266,fw_fish,12,18,30
36267,Amphibian,1,9,10
36267,Bird,38,260,298
36267,Mammal,4,48,52
36267,Reptile,8,31,39
36267,fw_fish,12,20,32
36268,Amphibian,1,11,12
36268,Bird,38,267,305
36268,Mammal,4,49,53
36268,Reptile,8,29,37
36268,fw_fish,14,21,35
36269,Amphibian,1,11,12
36269,Bird,40,272,312
36269,Mammal,4,50,54
36269,Reptile,8,31,39
36269,fw_fish,14,21,35
36270,Amphibian,1,11,12
36270,Bird,40,275,315
36270,Mammal,4,52,56
36270,Reptile,9,31,40
36270,fw_fish,14,21,35
36271,Amphibian,1,11,12
36271,Bird,40,280,320
36271,Mammal,4,53,57
36271,Reptile,9,30,39
36271,fw_fish,16,24,40
36272,Amphibian,1,19,20
36272,Bird,40,285,325
36272,Mammal,2,59,61
36272,Reptile,6,36,42
36272,fw_fish,15,25,40
36273,Amphibian,1,18,19
36273,Bird,40,283,323
36273,Mammal,2,58,60
36273,Reptile,7,35,42
36273,fw_fish,17,27,44
36274,Amphibian,1,18,19
36274,Bird,38,283,321
36274,Mammal,2,57,59
36274,Reptile,8,33,41
36274,fw_fish,17,26,43
36275,Amphibian,1,15,16
36275,Bird,39,284,323
36275,Mammal,4,54,58
36275,Reptile,9,33,42
36275,fw_fish,16,24,40
36276,Amphibian,1,15,16
36276,Bird,39,282,321
36276,Mammal,4,52,56
36276,Reptile,9,32,41
36276,fw_fish,14,21,35
36277,Amphibian,1,16,17
36277,Bird,39,280,319
36277,Mammal,4,53,57
36277,Reptile,9,32,41
36277,fw_fish,12,18,30
36278,Amphibian,1,18,19
36278,Bird,38,283,321
36278,Mammal,2,56,58
36278,Reptile,8,32,40
36278,fw_fish,16,24,40
36279,Amphibian,1,17,18
36279,Bird,38,280,318
36279,Mammal,2,55,57
36279,Reptile,9,33,42
36279,fw_fish,12,18,30
36280,Amphibian,1,16,17
36280,Bird,39,279,318
36280,Mammal,3,55,58
36280,Reptile,9,33,42
36280,fw_fish,12,18,30
36281,Amphibian,1,17,18
36281,Bird,38,282,320
36281,Mammal,2,55,57
36281,Reptile,9,33,42
36281,fw_fish,12,18,30
36282,Amphibian,1,17,18
36282,Bird,38,281,319
36282,Mammal,1,54,55
36282,Reptile,9,32,41
36282,fw_fish,12,18,30
36283,Amphibian,1,17,18
36283,Bird,38,281,319
36283,Mammal,1,55,56
36283,Reptile,9,32,41
36283,fw_fish,12,18,30
36284,Amphibian,1,17,18
36284,Bird,38,285,323
36284,Mammal,1,54,55
36284,Reptile,9,32,41
36284,fw_fish,12,18,30
36285,Amphibian,1,16,17
36285,Bird,39,281,320
36285,Mammal,3,53,56
36285,Reptile,10,33,43
36285,fw_fish,12,18,30
36286,Amphibian,1,14,15
36286,Bird,39,273,312
36286,Mammal,4,52,56
36286,Reptile,10,32,42
36286,fw_fish,12,18,30
36287,Amphibian,1,18,19
36287,Bird,39,284,323
36287,Mammal,2,59,61
36287,Reptile,7,36,43
36287,fw_fish,15,25,40
36288,Amphibian,1,11,12
36288,Bird,38,262,300
36288,Mammal,4,55,59
36288,Reptile,9,34,43
36288,fw_fish,5,17,22
36289,Amphibian,1,9,10
36289,Bird,38,262,300
36289,Mammal,4,54,58
36289,Reptile,9,34,43
36289,fw_fish,4,13,17
36290,Amphibian,1,12,13
36290,Bird,38,269,307
36290,Mammal,4,56,60
36290,Reptile,9,34,43
36290,fw_fish,5,17,22
36291,Amphibian,1,9,10
36291,Bird,38,262,300
36291,Mammal,4,53,57
36291,Reptile,9,35,44
36291,fw_fish,4,13,17
36292,Amphibian,1,16,17
36292,Bird,37,277,314
36292,Mammal,3,56,59
36292,Reptile,9,33,42
36292,fw_fish,4,13,17
36293,Amphibian,1,16,17
36293,Bird,37,284,321
36293,Mammal,0,57,57
36293,Reptile,9,33,42
36293,fw_fish,5,17,22
36294,Amphibian,1,17,18
36294,Bird,38,285,323
36294,Mammal,0,57,57
36294,Reptile,9,33,42
36294,fw_fish,5,17,22
36295,Amphibian,1,17,18
36295,Bird,38,285,323
36295,Mammal,0,58,58
36295,Reptile,9,34,43
36295,fw_fish,5,17,22
36296,Amphibian,1,18,19
36296,Bird,39,286,325
36296,Mammal,1,62,63
36296,Reptile,8,41,49
36296,fw_fish,5,17,22
36297,Amphibian,1,17,18
36297,Bird,38,291,329
36297,Mammal,0,58,58
36297,Reptile,9,34,43
36297,fw_fish,13,25,38
36298,Amphibian,1,16,17
36298,Bird,38,278,316
36298,Mammal,2,57,59
36298,Reptile,9,34,43
36298,fw_fish,12,21,33
36299,Amphibian,1,16,17
36299,Bird,38,280,318
36299,Mammal,2,57,59
36299,Reptile,9,35,44
36299,fw_fish,12,18,30
36300,Amphibian,1,16,17
36300,Bird,38,280,318
36300,Mammal,2,57,59
36300,Reptile,9,35,44
36300,fw_fish,12,18,30
36301,Amphibian,1,16,17
36301,Bird,38,276,314
36301,Mammal,3,55,58
36301,Reptile,9,35,44
36301,fw_fish,12,18,30
36302,Amphibian,1,16,17
36302,Bird,38,276,314
36302,Mammal,3,55,58
36302,Reptile,9,35,44
36302,fw_fish,12,18,30
36303,Amphibian,1,16,17
36303,Bird,38,275,313
36303,Mammal,3,54,57
36303,Reptile,9,35,44
36303,fw_fish,12,18,30
36304,Amphibian,1,16,17
36304,Bird,39,276,315
36304,Mammal,4,54,58
36304,Reptile,10,34,44
36304,fw_fish,12,18,30
36305,Amphibian,1,14,15
36305,Bird,38,271,309
36305,Mammal,4,54,58
36305,Reptile,9,34,43
36305,fw_fish,12,18,30
36306,Amphibian,1,16,17
36306,Bird,37,273,310
36306,Mammal,4,55,59
36306,Reptile,9,33,42
36306,fw_fish,12,18,30
36307,Amphibian,1,14,15
36307,Bird,38,272,310
36307,Mammal,4,54,58
36307,Reptile,9,34,43
36307,fw_fish,12,18,30
36308,Amphibian,1,14,15
36308,Bird,38,272,310
36308,Mammal,4,53,57
36308,Reptile,9,34,43
36308,fw_fish,12,18,30
36309,Amphibian,1,13,14
36309,Bird,38,267,305
36309,Mammal,4,51,55
36309,Reptile,9,34,43
36309,fw_fish,12,16,28
36310,Amphibian,1,10,11
36310,Bird,38,261,299
36310,Mammal,4,50,54
36310,Reptile,9,35,44
36310,fw_fish,1,1,2
36311,Amphibian,1,10,11
36311,Bird,38,261,299
36311,Mammal,4,50,54
36311,Reptile,9,34,43
36311,fw_fish,1,1,2
36312,Amphibian,1,10,11
36312,Bird,38,257,295
36312,Mammal,4,49,53
36312,Reptile,9,33,42
36312,fw_fish,1,1,2
36313,Amphibian,1,10,11
36313,Bird,38,262,300
36313,Mammal,4,50,54
36313,Reptile,9,34,43
36313,fw_fish,12,16,28
36314,Amphibian,1,10,11
36314,Bird,38,264,302
36314,Mammal,4,51,55
36314,Reptile,9,34,43
36314,fw_fish,12,16,28
36315,Amphibian,1,10,11
36315,Bird,38,263,301
36315,Mammal,4,50,54
36315,Reptile,9,34,43
36315,fw_fish,1,3,4
36316,Amphibian,1,11,12
36316,Bird,38,264,302
36316,Mammal,4,51,55
36316,Reptile,9,34,43
36316,fw_fish,12,16,28
36317,Amphibian,1,10,11
36317,Bird,38,262,300
36317,Mammal,4,50,54
36317,Reptile,9,34,43
36317,fw_fish,1,3,4
36318,Amphibian,1,11,12
36318,Bird,38,264,302
36318,Mammal,4,50,54
36318,Reptile,9,34,43
36318,fw_fish,12,16,28
36319,Amphibian,1,12,13
36319,Bird,38,264,302
36319,Mammal,4,49,53
36319,Reptile,9,32,41
36319,fw_fish,1,3,4
36320,Amphibian,1,15,16
36320,Bird,39,273,312
36320,Mammal,4,53,57
36320,Reptile,10,33,43
36320,fw_fish,12,18,30
36321,Amphibian,1,16,17
36321,Bird,38,279,317
36321,Mammal,3,53,56
36321,Reptile,10,33,43
36321,fw_fish,12,18,30
36322,Amphibian,1,14,15
36322,Bird,37,279,316
36322,Mammal,2,59,61
36322,Reptile,9,38,47
36322,fw_fish,9,18,27
36323,Amphibian,1,13,14
36323,Bird,37,277,314
36323,Mammal,4,59,63
36323,Reptile,9,36,45
36323,fw_fish,10,20,30
36324,Amphibian,1,15,16
36324,Bird,37,289,326
36324,Mammal,1,62,63
36324,Reptile,9,40,49
36324,fw_fish,10,20,30
36325,Amphibian,2,17,19
36325,Bird,34,286,320
36325,Mammal,0,67,67
36325,Reptile,7,42,49
36325,fw_fish,15,28,43
36326,Amphibian,2,19,21
36326,Bird,34,298,332
36326,Mammal,2,71,73
36326,Reptile,6,49,55
36326,fw_fish,18,35,53
36327,Amphibian,1,11,12
36327,Bird,38,266,304
36327,Mammal,4,55,59
36327,Reptile,9,34,43
36327,fw_fish,5,17,22
36328,Amphibian,1,18,19
36328,Bird,39,294,333
36328,Mammal,1,65,66
36328,Reptile,8,42,50
36328,fw_fish,5,17,22
36329,Amphibian,1,18,19
36329,Bird,37,293,330
36329,Mammal,2,68,70
36329,Reptile,6,43,49
36329,fw_fish,5,17,22
36330,Amphibian,1,18,19
36330,Bird,39,306,345
36330,Mammal,5,69,74
36330,Reptile,9,49,58
36330,fw_fish,5,17,22
36331,Amphibian,1,16,17
36331,Bird,37,288,325
36331,Mammal,0,61,61
36331,Reptile,9,39,48
36331,fw_fish,5,17,22
36332,Amphibian,1,12,13
36332,Bird,37,269,306
36332,Mammal,4,57,61
36332,Reptile,9,35,44
36332,fw_fish,5,17,22
36333,Amphibian,1,15,16
36333,Bird,37,286,323
36333,Mammal,0,62,62
36333,Reptile,9,41,50
36333,fw_fish,23,34,57
36334,Amphibian,2,15,17
36334,Bird,33,276,309
36334,Mammal,2,67,69
36334,Reptile,7,38,45
36334,fw_fish,22,34,56
36335,Amphibian,2,14,16
36335,Bird,35,273,308
36335,Mammal,2,64,66
36335,Reptile,9,38,47
36335,fw_fish,22,33,55
36336,Amphibian,2,15,17
36336,Bird,34,279,313
36336,Mammal,2,64,66
36336,Reptile,9,38,47
36336,fw_fish,22,34,56
36337,Amphibian,2,15,17
36337,Bird,34,279,313
36337,Mammal,2,63,65
36337,Reptile,9,38,47
36337,fw_fish,22,34,56
36338,Amphibian,2,16,18
36338,Bird,34,285,319
36338,Mammal,0,69,69
36338,Reptile,7,42,49
36338,fw_fish,22,34,56
36339,Amphibian,2,15,17
36339,Bird,34,287,321
36339,Mammal,0,67,67
36339,Reptile,9,42,51
36339,fw_fish,22,34,56
36340,Amphibian,1,13,14
36340,Bird,36,280,316
36340,Mammal,2,62,64
36340,Reptile,9,38,47
36340,fw_fish,23,34,57
36341,Amphibian,1,14,15
36341,Bird,37,281,318
36341,Mammal,2,62,64
36341,Reptile,9,39,48
36341,fw_fish,23,34,57
36342,Amphibian,1,15,16
36342,Bird,38,287,325
36342,Mammal,0,63,63
36342,Reptile,9,41,50
36342,fw_fish,23,34,57
36343,Amphibian,2,15,17
36343,Bird,34,287,321
36343,Mammal,0,68,68
36343,Reptile,9,40,49
36343,fw_fish,22,34,56
36344,Amphibian,2,15,17
36344,Bird,34,285,319
36344,Mammal,0,65,65
36344,Reptile,8,40,48
36344,fw_fish,22,34,56
36345,Amphibian,2,15,17
36345,Bird,33,298,331
36345,Mammal,3,77,80
36345,Reptile,5,45,50
36345,fw_fish,18,36,54
36346,Amphibian,2,14,16
36346,Bird,35,271,306
36346,Mammal,3,62,65
36346,Reptile,9,39,48
36346,fw_fish,22,33,55
36347,Amphibian,2,15,17
36347,Bird,35,272,307
36347,Mammal,3,66,69
36347,Reptile,7,41,48
36347,fw_fish,22,33,55
36348,Amphibian,2,14,16
36348,Bird,35,277,312
36348,Mammal,2,69,71
36348,Reptile,7,42,49
36348,fw_fish,23,40,63
36349,Amphibian,3,14,17
36349,Bird,36,292,328
36349,Mammal,4,76,80
36349,Reptile,6,43,49
36349,fw_fish,24,41,65
36350,Amphibian,2,14,16
36350,Bird,33,287,320
36350,Mammal,3,77,80
36350,Reptile,5,43,48
36350,fw_fish,18,36,54
36351,Amphibian,3,14,17
36351,Bird,32,288,320
36351,Mammal,3,78,81
36351,Reptile,5,42,47
36351,fw_fish,18,35,53
36352,Amphibian,4,19,23
36352,Bird,36,315,351
36352,Mammal,3,88,91
36352,Reptile,4,51,55
36352,fw_fish,16,27,43
36353,Amphibian,2,15,17
36353,Bird,32,289,321
36353,Mammal,3,79,82
36353,Reptile,5,44,49
36353,fw_fish,19,32,51
36354,Amphibian,3,20,23
36354,Bird,34,303,337
36354,Mammal,3,87,90
36354,Reptile,3,49,52
36354,fw_fish,16,27,43
36356,Amphibian,3,21,24
36356,Bird,35,304,339
36356,Mammal,3,85,88
36356,Reptile,4,49,53
36356,fw_fish,20,39,59
36357,Amphibian,2,16,18
36357,Bird,33,295,328
36357,Mammal,2,76,78
36357,Reptile,5,46,51
36357,fw_fish,18,36,54
36358,Amphibian,1,18,19
36358,Bird,36,292,328
36358,Mammal,2,69,71
36358,Reptile,6,44,50
36358,fw_fish,5,17,22
36359,Amphibian,2,27,29
36359,Bird,97,269,366
36359,Mammal,12,87,99
36359,Reptile,16,56,72
36359,fw_fish,18,37,55
36360,Amphibian,2,18,20
36360,Bird,35,299,334
36360,Mammal,2,69,71
36360,Reptile,5,46,51
36360,fw_fish,5,17,22
36361,Amphibian,2,19,21
36361,Bird,36,301,337
36361,Mammal,2,71,73
36361,Reptile,5,47,52
36361,fw_fish,9,21,30
36364,Amphibian,2,19,21
36364,Bird,34,296,330
36364,Mammal,2,69,71
36364,Reptile,5,47,52
36364,fw_fish,9,18,27
36365,Amphibian,2,18,20
36365,Bird,33,297,330
36365,Mammal,2,70,72
36365,Reptile,6,49,55
36365,fw_fish,19,30,49
36366,Amphibian,2,20,22
36366,Bird,36,309,345
36366,Mammal,2,74,76
36366,Reptile,5,48,53
36366,fw_fish,9,15,24
36367,Amphibian,2,21,23
36367,Bird,37,327,364
36367,Mammal,2,76,78
36367,Reptile,5,52,57
36367,fw_fish,9,15,24
36368,Amphibian,2,23,25
36368,Bird,36,331,367
36368,Mammal,3,77,80
36368,Reptile,5,52,57
36368,fw_fish,9,15,24
36369,Amphibian,2,22,24
36369,Bird,35,332,367
36369,Mammal,3,77,80
36369,Reptile,5,51,56
36369,fw_fish,9,15,24
36370,Amphibian,2,21,23
36370,Bird,35,322,357
36370,Mammal,2,77,79
36370,Reptile,5,50,55
36370,fw_fish,9,15,24
36371,Amphibian,2,22,24
36371,Bird,35,322,357
36371,Mammal,3,77,80
36371,Reptile,5,50,55
36371,fw_fish,9,15,24
36372,Amphibian,2,20,22
36372,Bird,35,308,343
36372,Mammal,2,77,79
36372,Reptile,5,49,54
36372,fw_fish,9,16,25
36373,Amphibian,2,20,22
36373,Bird,35,306,341
36373,Mammal,2,75,77
36373,Reptile,5,49,54
36373,fw_fish,9,16,25
36374,Amphibian,3,22,25
36374,Bird,37,333,370
36374,Mammal,3,81,84
36374,Reptile,5,51,56
36374,fw_fish,12,20,32
36375,Amphibian,2,22,24
36375,Bird,37,316,353
36375,Mammal,3,82,85
36375,Reptile,5,49,54
36375,fw_fish,9,17,26
36376,Amphibian,2,19,21
36376,Bird,34,297,331
36376,Mammal,2,70,72
36376,Reptile,5,49,54
36376,fw_fish,18,35,53
36378,Amphibian,2,21,23
36378,Bird,35,316,351
36378,Mammal,2,79,81
36378,Reptile,5,50,55
36378,fw_fish,14,22,36
36380,Amphibian,1,18,19
36380,Bird,37,293,330
36380,Mammal,2,66,68
36380,Reptile,7,42,49
36380,fw_fish,5,17,22
36381,Amphibian,1,18,19
36381,Bird,37,295,332
36381,Mammal,2,66,68
36381,Reptile,7,43,50
36381,fw_fish,5,17,22
36382,Amphibian,1,18,19
36382,Bird,37,297,334
36382,Mammal,2,66,68
36382,Reptile,7,43,50
36382,fw_fish,8,13,21
36383,Amphibian,1,18,19
36383,Bird,36,298,334
36383,Mammal,2,69,71
36383,Reptile,5,43,48
36383,fw_fish,9,21,30
36384,Amphibian,2,18,20
36384,Bird,35,303,338
36384,Mammal,2,69,71
36384,Reptile,5,44,49
36384,fw_fish,9,21,30
36385,Amphibian,1,18,19
36385,Bird,35,304,339
36385,Mammal,2,69,71
36385,Reptile,5,43,48
36385,fw_fish,8,13,21
36386,Amphibian,2,21,23
36386,Bird,36,310,346
36386,Mammal,2,73,75
36386,Reptile,5,45,50
36386,fw_fish,8,13,21
36387,Amphibian,1,22,23
36387,Bird,38,312,350
36387,Mammal,2,71,73
36387,Reptile,5,44,49
36387,fw_fish,8,13,21
36388,Amphibian,2,20,22
36388,Bird,37,310,347
36388,Mammal,2,74,76
36388,Reptile,5,48,53
36388,fw_fish,8,13,21
36389,Amphibian,2,25,27
36389,Bird,37,351,388
36389,Mammal,2,84,86
36389,Reptile,5,56,61
36389,fw_fish,9,18,27
36390,Amphibian,2,20,22
36390,Bird,36,322,358
36390,Mammal,2,76,78
36390,Reptile,5,51,56
36390,fw_fish,10,15,25
36391,Amphibian,2,22,24
36391,Bird,37,333,370
36391,Mammal,2,76,78
36391,Reptile,5,52,57
36391,fw_fish,9,15,24
36392,Amphibian,2,22,24
36392,Bird,36,334,370
36392,Mammal,2,76,78
36392,Reptile,5,52,57
36392,fw_fish,9,15,24
36393,Amphibian,2,18,20
36393,Bird,70,473,543
36393,Bird,0,3,3
36393,Mammal,4,54,58
36393,Mammal,4,54,58
36393,Reptile,9,34,43
36393,fw_fish,5,17,22
36394,Amphibian,2,23,25
36394,Bird,37,331,368
36394,Mammal,2,75,77
36394,Reptile,5,52,57
36394,fw_fish,12,23,35
36395,Amphibian,2,23,25
36395,Bird,36,337,373
36395,Mammal,2,76,78
36395,Reptile,5,52,57
36395,fw_fish,9,15,24
36396,Amphibian,2,23,25
36396,Bird,37,325,362
36396,Mammal,2,75,77
36396,Reptile,5,52,57
36396,fw_fish,9,18,27
36397,Amphibian,2,23,25
36397,Bird,36,335,371
36397,Mammal,2,77,79
36397,Reptile,5,51,56
36397,fw_fish,9,18,27
36398,Amphibian,1,22,23
36398,Bird,38,310,348
36398,Mammal,2,69,71
36398,Reptile,5,43,48
36398,fw_fish,9,18,27
36399,Amphibian,1,22,23
36399,Bird,38,318,356
36399,Mammal,2,72,74
36399,Reptile,5,48,53
36399,fw_fish,9,18,27
36400,Amphibian,4,22,26
36400,Bird,37,332,369
36400,Mammal,5,94,99
36400,Reptile,4,57,61
36400,fw_fish,19,42,61
36401,Amphibian,2,25,27
36401,Bird,36,345,381
36401,Mammal,2,80,82
36401,Reptile,5,54,59
36401,fw_fish,9,15,24
36402,Amphibian,1,19,20
36402,Bird,38,305,343
36402,Mammal,2,69,71
36402,Reptile,5,43,48
36402,fw_fish,8,13,21
36403,Amphibian,4,25,29
36403,Bird,35,325,360
36403,Mammal,3,92,95
36403,Reptile,3,58,61
36403,fw_fish,12,19,31
36405,Amphibian,4,25,29
36405,Bird,34,322,356
36405,Mammal,5,95,100
36405,Reptile,3,58,61
36405,fw_fish,16,31,47
36406,Amphibian,1,20,21
36406,Bird,40,298,338
36406,Mammal,2,64,66
36406,Reptile,6,39,45
36406,fw_fish,17,26,43
36407,Amphibian,1,20,21
36407,Bird,39,294,333
36407,Mammal,2,63,65
36407,Reptile,6,37,43
36407,fw_fish,15,24,39
36408,Amphibian,1,20,21
36408,Bird,39,296,335
36408,Mammal,2,64,66
36408,Reptile,6,37,43
36408,fw_fish,15,24,39
36410,Amphibian,4,24,28
36410,Bird,34,324,358
36410,Mammal,5,93,98
36410,Reptile,3,58,61
36410,fw_fish,16,31,47
36411,Amphibian,1,22,23
36411,Bird,39,298,337
36411,Mammal,2,68,70
36411,Reptile,6,38,44
36411,fw_fish,16,24,40
36412,Amphibian,1,22,23
36412,Bird,39,300,339
36412,Mammal,2,68,70
36412,Reptile,6,40,46
36412,fw_fish,7,18,25
36413,Amphibian,1,22,23
36413,Bird,39,300,339
36413,Mammal,2,68,70
36413,Reptile,6,40,46
36413,fw_fish,15,24,39
36415,Amphibian,3,24,27
36415,Bird,31,320,351
36415,Mammal,5,94,99
36415,Reptile,5,59,64
36415,fw_fish,17,31,48
36416,Amphibian,1,22,23
36416,Bird,38,303,341
36416,Mammal,2,71,73
36416,Reptile,6,41,47
36416,fw_fish,15,25,40
36418,Amphibian,4,22,26
36418,Bird,37,327,364
36418,Mammal,5,93,98
36418,Reptile,3,57,60
36418,fw_fish,19,42,61
36419,Amphibian,1,23,24
36419,Bird,36,307,343
36419,Mammal,2,73,75
36419,Reptile,6,39,45
36419,fw_fish,7,18,25
36420,Amphibian,1,24,25
36420,Bird,34,322,356
36420,Mammal,2,77,79
36420,Reptile,5,44,49
36420,fw_fish,9,18,27
36421,Amphibian,1,23,24
36421,Bird,34,315,349
36421,Mammal,2,75,77
36421,Reptile,5,41,46
36421,fw_fish,9,18,27
36423,Amphibian,1,22,23
36423,Bird,35,313,348
36423,Mammal,2,74,76
36423,Reptile,6,44,50
36423,fw_fish,17,27,44
36424,Amphibian,1,22,23
36424,Bird,35,319,354
36424,Mammal,2,74,76
36424,Reptile,5,45,50
36424,fw_fish,17,27,44
36425,Amphibian,1,22,23
36425,Bird,37,315,352
36425,Mammal,2,74,76
36425,Reptile,6,46,52
36425,fw_fish,10,18,28
36426,Amphibian,1,20,21
36426,Bird,40,284,324
36426,Mammal,2,60,62
36426,Reptile,6,36,42
36426,fw_fish,15,25,40
36427,Amphibian,1,21,22
36427,Bird,38,289,327
36427,Mammal,4,67,71
36427,Reptile,6,35,41
36427,fw_fish,14,29,43
36428,Amphibian,1,17,18
36428,Bird,38,286,324
36428,Mammal,4,61,65
36428,Reptile,6,33,39
36428,fw_fish,9,20,29
36429,Amphibian,1,20,21
36429,Bird,38,289,327
36429,Mammal,4,67,71
36429,Reptile,6,34,40
36429,fw_fish,31,47,78
36430,Amphibian,1,21,22
36430,Bird,39,298,337
36430,Mammal,3,71,74
36430,Reptile,6,35,41
36430,fw_fish,12,26,38
36431,Amphibian,1,24,25
36431,Bird,39,302,341
36431,Mammal,3,74,77
36431,Reptile,6,37,43
36431,fw_fish,12,26,38
36432,Amphibian,1,21,22
36432,Bird,38,294,332
36432,Mammal,3,68,71
36432,Reptile,6,38,44
36432,fw_fish,8,16,24
36433,Amphibian,1,22,23
36433,Bird,38,299,337
36433,Mammal,2,68,70
36433,Reptile,6,38,44
36433,fw_fish,9,22,31
36434,Amphibian,1,22,23
36434,Bird,38,299,337
36434,Mammal,2,70,72
36434,Reptile,6,39,45
36434,fw_fish,8,16,24
36435,Amphibian,1,24,25
36435,Bird,38,315,353
36435,Mammal,2,75,77
36435,Reptile,6,41,47
36435,fw_fish,10,22,32
36436,Amphibian,1,22,23
36436,Bird,37,302,339
36436,Mammal,2,70,72
36436,Reptile,6,41,47
36436,fw_fish,7,18,25
36437,Amphibian,1,23,24
36437,Bird,36,307,343
36437,Mammal,3,73,76
36437,Reptile,5,38,43
36437,fw_fish,8,16,24
36438,Amphibian,1,20,21
36438,Bird,38,292,330
36438,Mammal,3,69,72
36438,Reptile,6,34,40
36438,fw_fish,30,46,76
36439,Amphibian,1,23,24
36439,Bird,37,291,328
36439,Mammal,3,72,75
36439,Reptile,5,35,40
36439,fw_fish,31,47,78
36440,Amphibian,1,18,19
36440,Bird,40,295,335
36440,Mammal,5,63,68
36440,Reptile,6,33,39
36440,fw_fish,30,46,76
36441,Amphibian,1,21,22
36441,Bird,39,302,341
36441,Mammal,5,70,75
36441,Reptile,5,35,40
36441,fw_fish,30,46,76
36442,Amphibian,1,16,17
36442,Bird,40,296,336
36442,Mammal,6,61,67
36442,Reptile,6,31,37
36442,fw_fish,30,46,76
36443,Amphibian,1,16,17
36443,Bird,40,295,335
36443,Mammal,6,62,68
36443,Reptile,6,31,37
36443,fw_fish,30,46,76
36444,Amphibian,1,16,17
36444,Bird,41,297,338
36444,Mammal,6,63,69
36444,Reptile,6,32,38
36444,fw_fish,30,46,76
36445,Amphibian,1,20,21
36445,Bird,41,300,341
36445,Mammal,6,68,74
36445,Reptile,6,34,40
36445,fw_fish,30,46,76
36446,Amphibian,1,15,16
36446,Bird,41,294,335
36446,Mammal,6,61,67
36446,Reptile,5,31,36
36446,fw_fish,29,46,75
36447,Amphibian,1,15,16
36447,Bird,43,297,340
36447,Mammal,6,64,70
36447,Reptile,5,31,36
36447,fw_fish,30,46,76
36448,Amphibian,1,15,16
36448,Bird,43,300,343
36448,Mammal,6,67,73
36448,Reptile,5,32,37
36448,fw_fish,30,46,76
36449,Amphibian,1,17,18
36449,Bird,41,298,339
36449,Mammal,6,63,69
36449,Reptile,5,32,37
36449,fw_fish,30,46,76
36450,Amphibian,1,18,19
36450,Bird,42,300,342
36450,Mammal,6,69,75
36450,Reptile,5,31,36
36450,fw_fish,30,46,76
36451,Amphibian,1,17,18
36451,Bird,42,296,338
36451,Mammal,6,69,75
36451,Reptile,5,32,37
36451,fw_fish,30,46,76
36452,Amphibian,1,21,22
36452,Bird,42,300,342
36452,Mammal,6,70,76
36452,Reptile,5,33,38
36452,fw_fish,30,46,76
36453,Amphibian,1,21,22
36453,Bird,39,296,335
36453,Mammal,5,71,76
36453,Reptile,5,35,40
36453,fw_fish,30,46,76
36454,Amphibian,1,22,23
36454,Bird,39,293,332
36454,Mammal,5,74,79
36454,Reptile,5,35,40
36454,fw_fish,31,47,78
36455,Amphibian,1,21,22
36455,Bird,42,292,334
36455,Mammal,5,70,75
36455,Reptile,5,39,44
36455,fw_fish,30,46,76
36456,Amphibian,1,24,25
36456,Bird,37,290,327
36456,Mammal,3,77,80
36456,Reptile,5,39,44
36456,fw_fish,31,47,78
36457,Amphibian,1,14,15
36457,Bird,42,297,339
36457,Mammal,6,63,69
36457,Reptile,5,31,36
36457,fw_fish,30,46,76
36458,Amphibian,1,16,17
36458,Bird,42,294,336
36458,Mammal,6,68,74
36458,Reptile,5,32,37
36458,fw_fish,30,46,76
36459,Amphibian,2,16,18
36459,Bird,41,291,332
36459,Mammal,7,69,76
36459,Reptile,5,36,41
36459,fw_fish,30,46,76
36460,Amphibian,1,14,15
36460,Bird,42,300,342
36460,Mammal,6,67,73
36460,Reptile,5,33,38
36460,fw_fish,31,52,83
36461,Amphibian,1,24,25
36461,Bird,34,292,326
36461,Mammal,3,74,77
36461,Reptile,5,41,46
36461,fw_fish,8,21,29
36462,Amphibian,1,25,26
36462,Bird,34,294,328
36462,Mammal,4,75,79
36462,Reptile,4,40,44
36462,fw_fish,8,21,29
36463,Amphibian,3,25,28
36463,Bird,33,293,326
36463,Mammal,4,80,84
36463,Reptile,4,41,45
36463,fw_fish,8,21,29
36464,Amphibian,2,25,27
36464,Bird,33,291,324
36464,Mammal,4,78,82
36464,Reptile,4,40,44
36464,fw_fish,8,21,29
36465,Amphibian,2,25,27
36465,Bird,33,292,325
36465,Mammal,4,81,85
36465,Reptile,4,41,45
36465,fw_fish,8,21,29
36466,Amphibian,2,25,27
36466,Bird,32,293,325
36466,Mammal,4,77,81
36466,Reptile,4,40,44
36466,fw_fish,8,21,29
36467,Amphibian,2,25,27
36467,Bird,32,295,327
36467,Mammal,4,78,82
36467,Reptile,5,41,46
36467,fw_fish,8,21,29
36468,Amphibian,2,25,27
36468,Bird,34,294,328
36468,Mammal,3,76,79
36468,Reptile,5,42,47
36468,fw_fish,8,21,29
36469,Amphibian,2,25,27
36469,Bird,33,289,322
36469,Mammal,4,78,82
36469,Reptile,4,40,44
36469,fw_fish,8,21,29
36470,Amphibian,2,25,27
36470,Bird,33,288,321
36470,Mammal,4,78,82
36470,Reptile,4,40,44
36470,fw_fish,8,21,29
36471,Amphibian,2,25,27
36471,Bird,34,289,323
36471,Mammal,3,78,81
36471,Reptile,4,43,47
36471,fw_fish,8,21,29
36472,Amphibian,1,24,25
36472,Bird,35,319,354
36472,Mammal,2,77,79
36472,Reptile,5,45,50
36472,fw_fish,9,19,28
36473,Amphibian,1,24,25
36473,Bird,35,311,346
36473,Mammal,2,77,79
36473,Reptile,5,45,50
36473,fw_fish,8,16,24
36474,Amphibian,2,25,27
36474,Bird,32,327,359
36474,Mammal,3,82,85
36474,Reptile,4,47,51
36474,fw_fish,9,22,31
36475,Amphibian,2,23,25
36475,Bird,32,316,348
36475,Mammal,3,81,84
36475,Reptile,4,45,49
36475,fw_fish,8,22,30
36476,Amphibian,2,25,27
36476,Bird,32,311,343
36476,Mammal,3,83,86
36476,Reptile,4,44,48
36476,fw_fish,8,23,31
36477,Amphibian,2,25,27
36477,Bird,32,307,339
36477,Mammal,3,81,84
36477,Reptile,4,43,47
36477,fw_fish,7,19,26
36478,Amphibian,2,25,27
36478,Bird,32,309,341
36478,Mammal,3,81,84
36478,Reptile,4,43,47
36478,fw_fish,8,23,31
36479,Amphibian,2,25,27
36479,Bird,32,312,344
36479,Mammal,4,81,85
36479,Reptile,4,45,49
36479,fw_fish,8,22,30
36480,Amphibian,2,25,27
36480,Bird,30,309,339
36480,Mammal,4,82,86
36480,Reptile,4,44,48
36480,fw_fish,9,24,33
36481,Amphibian,2,25,27
36481,Bird,28,308,336
36481,Mammal,4,85,89
36481,Reptile,4,44,48
36481,fw_fish,8,22,30
36482,Amphibian,2,25,27
36482,Bird,29,308,337
36482,Mammal,4,84,88
36482,Reptile,4,44,48
36482,fw_fish,8,22,30
36483,Amphibian,2,25,27
36483,Bird,29,309,338
36483,Mammal,3,80,83
36483,Reptile,4,44,48
36483,fw_fish,7,19,26
36484,Amphibian,2,25,27
36484,Bird,30,310,340
36484,Mammal,3,81,84
36484,Reptile,4,44,48
36484,fw_fish,8,23,31
36485,Amphibian,2,25,27
36485,Bird,30,308,338
36485,Mammal,3,80,83
36485,Reptile,4,43,47
36485,fw_fish,7,19,26
36486,Amphibian,2,25,27
36486,Bird,31,306,337
36486,Mammal,3,80,83
36486,Reptile,4,43,47
36486,fw_fish,7,19,26
36487,Amphibian,2,24,26
36487,Bird,31,306,337
36487,Mammal,3,80,83
36487,Reptile,4,43,47
36487,fw_fish,7,19,26
36488,Amphibian,2,24,26
36488,Bird,32,306,338
36488,Mammal,3,80,83
36488,Reptile,4,43,47
36488,fw_fish,7,19,26
36489,Amphibian,2,24,26
36489,Bird,33,303,336
36489,Mammal,3,82,85
36489,Reptile,4,44,48
36489,fw_fish,7,19,26
36490,Amphibian,2,24,26
36490,Bird,33,305,338
36490,Mammal,3,82,85
36490,Reptile,4,44,48
36490,fw_fish,7,19,26
36491,Amphibian,2,25,27
36491,Bird,33,305,338
36491,Mammal,3,82,85
36491,Reptile,4,44,48
36491,fw_fish,7,19,26
36492,Amphibian,2,25,27
36492,Bird,33,305,338
36492,Mammal,3,82,85
36492,Reptile,4,44,48
36492,fw_fish,7,19,26
36493,Amphibian,2,25,27
36493,Bird,33,304,337
36493,Mammal,3,81,84
36493,Reptile,4,44,48
36493,fw_fish,7,19,26
36494,Amphibian,1,24,25
36494,Bird,35,312,347
36494,Mammal,3,80,83
36494,Reptile,4,44,48
36494,fw_fish,7,19,26
36495,Amphibian,1,23,24
36495,Bird,33,302,335
36495,Mammal,3,77,80
36495,Reptile,4,42,46
36495,fw_fish,7,19,26
36496,Amphibian,1,23,24
36496,Bird,34,304,338
36496,Mammal,3,78,81
36496,Reptile,4,42,46
36496,fw_fish,7,19,26
36497,Amphibian,1,23,24
36497,Bird,34,303,337
36497,Mammal,3,74,77
36497,Reptile,4,41,45
36497,fw_fish,7,19,26
36498,Amphibian,1,23,24
36498,Bird,34,302,336
36498,Mammal,3,74,77
36498,Reptile,5,38,43
36498,fw_fish,7,19,26
36499,Amphibian,1,24,25
36499,Bird,35,297,332
36499,Mammal,3,74,77
36499,Reptile,5,37,42
36499,fw_fish,7,19,26
36500,Amphibian,1,24,25
36500,Bird,34,296,330
36500,Mammal,4,74,78
36500,Reptile,4,40,44
36500,fw_fish,7,19,26
36501,Amphibian,1,25,26
36501,Bird,33,296,329
36501,Mammal,4,78,82
36501,Reptile,4,40,44
36501,fw_fish,8,20,28
36502,Amphibian,1,25,26
36502,Bird,33,293,326
36502,Mammal,4,79,83
36502,Reptile,4,40,44
36502,fw_fish,8,20,28
36503,Amphibian,2,25,27
36503,Bird,33,298,331
36503,Mammal,4,80,84
36503,Reptile,4,42,46
36503,fw_fish,8,20,28
36504,Amphibian,2,25,27
36504,Bird,33,304,337
36504,Mammal,3,81,84
36504,Reptile,4,44,48
36504,fw_fish,7,19,26
36505,Amphibian,2,24,26
36505,Bird,32,302,334
36505,Mammal,3,81,84
36505,Reptile,4,44,48
36505,fw_fish,7,19,26
36506,Amphibian,3,25,28
36506,Bird,30,300,330
36506,Mammal,4,84,88
36506,Reptile,4,44,48
36506,fw_fish,8,22,30
36507,Amphibian,3,25,28
36507,Bird,30,298,328
36507,Mammal,4,84,88
36507,Reptile,4,43,47
36507,fw_fish,8,22,30
36508,Amphibian,3,25,28
36508,Bird,29,298,327
36508,Mammal,4,83,87
36508,Reptile,4,43,47
36508,fw_fish,7,21,28
36509,Amphibian,3,25,28
36509,Bird,30,296,326
36509,Mammal,4,81,85
36509,Reptile,4,43,47
36509,fw_fish,8,22,30
36511,Amphibian,2,25,27
36511,Bird,28,309,337
36511,Mammal,4,85,89
36511,Reptile,4,44,48
36511,fw_fish,8,22,30
36512,Amphibian,2,25,27
36512,Bird,35,349,384
36512,Mammal,3,86,89
36512,Reptile,5,57,62
36512,fw_fish,15,25,40
36513,Amphibian,2,24,26
36513,Bird,36,352,388
36513,Mammal,3,94,97
36513,Reptile,4,55,59
36513,fw_fish,15,25,40
36514,Amphibian,3,24,27
36514,Bird,38,356,394
36514,Mammal,3,96,99
36514,Reptile,5,60,65
36514,fw_fish,17,29,46
36515,Amphibian,3,24,27
36515,Bird,37,351,388
36515,Mammal,3,93,96
36515,Reptile,5,58,63
36515,fw_fish,15,25,40
36517,Amphibian,3,25,28
36517,Bird,37,351,388
36517,Mammal,3,95,98
36517,Reptile,5,59,64
36517,fw_fish,8,16,24
36518,Amphibian,2,24,26
36518,Bird,35,350,385
36518,Mammal,3,92,95
36518,Reptile,4,55,59
36518,fw_fish,8,16,24
36519,Amphibian,2,24,26
36519,Bird,35,343,378
36519,Mammal,3,90,93
36519,Reptile,4,54,58
36519,fw_fish,17,29,46
36520,Amphibian,2,24,26
36520,Bird,35,342,377
36520,Mammal,3,87,90
36520,Reptile,4,53,57
36520,fw_fish,15,25,40
36521,Amphibian,2,24,26
36521,Bird,35,343,378
36521,Mammal,3,90,93
36521,Reptile,4,54,58
36521,fw_fish,8,16,24
36522,Amphibian,2,24,26
36522,Bird,33,336,369
36522,Mammal,3,86,89
36522,Reptile,4,52,56
36522,fw_fish,8,16,24
36523,Amphibian,2,24,26
36523,Bird,34,336,370
36523,Mammal,3,86,89
36523,Reptile,4,52,56
36523,fw_fish,8,16,24
36524,Amphibian,2,24,26
36524,Bird,34,335,369
36524,Mammal,3,86,89
36524,Reptile,4,51,55
36524,fw_fish,8,16,24
36525,Amphibian,2,25,27
36525,Bird,35,331,366
36525,Mammal,3,85,88
36525,Reptile,4,51,55
36525,fw_fish,8,16,24
36526,Amphibian,2,24,26
36526,Bird,34,331,365
36526,Mammal,3,84,87
36526,Reptile,4,51,55
36526,fw_fish,8,16,24
36527,Amphibian,2,24,26
36527,Bird,34,335,369
36527,Mammal,3,84,87
36527,Reptile,4,52,56
36527,fw_fish,8,16,24
36528,Amphibian,2,25,27
36528,Bird,34,335,369
36528,Mammal,3,84,87
36528,Reptile,4,51,55
36528,fw_fish,8,16,24
36529,Amphibian,2,25,27
36529,Bird,34,340,374
36529,Mammal,2,82,84
36529,Reptile,5,50,55
36529,fw_fish,15,25,40
36530,Amphibian,1,25,26
36530,Bird,32,329,361
36530,Mammal,2,77,79
36530,Reptile,5,47,52
36530,fw_fish,15,25,40
36531,Amphibian,1,25,26
36531,Bird,33,335,368
36531,Mammal,2,81,83
36531,Reptile,5,49,54
36531,fw_fish,9,18,27
36532,Amphibian,2,24,26
36532,Bird,32,329,361
36532,Mammal,2,80,82
36532,Reptile,4,48,52
36532,fw_fish,9,19,28
36533,Amphibian,1,24,25
36533,Bird,32,328,360
36533,Mammal,2,79,81
36533,Reptile,4,45,49
36533,fw_fish,9,19,28
36534,Amphibian,3,27,30
36534,Bird,35,334,369
36534,Mammal,5,100,105
36534,Reptile,4,56,60
36534,fw_fish,13,31,44
36535,Amphibian,1,24,25
36535,Bird,35,340,375
36535,Mammal,2,81,83
36535,Reptile,5,51,56
36535,fw_fish,9,18,27
36536,Amphibian,3,25,28
36536,Bird,34,351,385
36536,Mammal,3,83,86
36536,Reptile,4,57,61
36536,fw_fish,12,23,35
36537,Amphibian,3,24,27
36537,Bird,35,344,379
36537,Mammal,3,87,90
36537,Reptile,4,57,61
36537,fw_fish,9,15,24
36538,Amphibian,3,24,27
36538,Bird,37,344,381
36538,Mammal,3,85,88
36538,Reptile,4,57,61
36538,fw_fish,14,22,36
36539,Amphibian,3,24,27
36539,Bird,35,345,380
36539,Mammal,3,87,90
36539,Reptile,4,57,61
36539,fw_fish,9,15,24
36540,Amphibian,3,24,27
36540,Bird,35,343,378
36540,Mammal,3,87,90
36540,Reptile,5,57,62
36540,fw_fish,8,15,23
36541,Amphibian,3,24,27
36541,Bird,37,351,388
36541,Mammal,3,93,96
36541,Reptile,5,58,63
36541,fw_fish,17,30,47
36542,Amphibian,3,24,27
36542,Bird,39,351,390
36542,Mammal,3,94,97
36542,Reptile,5,60,65
36542,fw_fish,17,30,47
36544,Amphibian,3,25,28
36544,Bird,40,348,388
36544,Mammal,4,98,102
36544,Reptile,5,60,65
36544,fw_fish,15,25,40
36545,Amphibian,3,25,28
36545,Bird,39,352,391
36545,Mammal,4,98,102
36545,Reptile,5,61,66
36545,fw_fish,17,30,47
36546,Amphibian,3,25,28
36546,Bird,40,349,389
36546,Mammal,4,97,101
36546,Reptile,5,60,65
36546,fw_fish,8,15,23
36547,Amphibian,3,25,28
36547,Bird,39,349,388
36547,Mammal,3,97,100
36547,Reptile,5,60,65
36547,fw_fish,8,15,23
36548,Amphibian,3,25,28
36548,Bird,39,344,383
36548,Mammal,3,94,97
36548,Reptile,5,59,64
36548,fw_fish,8,15,23
36551,Amphibian,3,25,28
36551,Bird,41,342,383
36551,Mammal,3,93,96
36551,Reptile,5,57,62
36551,fw_fish,12,15,27
36552,Amphibian,3,24,27
36552,Bird,36,342,378
36552,Mammal,3,89,92
36552,Reptile,5,59,64
36552,fw_fish,8,15,23
36553,Amphibian,3,24,27
36553,Bird,36,346,382
36553,Mammal,3,82,85
36553,Reptile,4,57,61
36553,fw_fish,9,15,24
36555,Amphibian,3,24,27
36555,Bird,34,325,359
36555,Mammal,3,95,98
36555,Reptile,3,56,59
36555,fw_fish,11,16,27
36556,Amphibian,4,25,29
36556,Bird,38,327,365
36556,Mammal,3,97,100
36556,Reptile,3,58,61
36556,fw_fish,12,19,31
36557,Amphibian,3,23,26
36557,Bird,38,329,367
36557,Mammal,3,94,97
36557,Reptile,4,53,57
36557,fw_fish,11,16,27
36558,Amphibian,3,24,27
36558,Bird,37,339,376
36558,Mammal,3,80,83
36558,Reptile,4,55,59
36558,fw_fish,9,16,25
36559,Amphibian,3,23,26
36559,Bird,37,341,378
36559,Mammal,3,79,82
36559,Reptile,4,56,60
36559,fw_fish,9,15,24
36560,Amphibian,3,24,27
36560,Bird,38,337,375
36560,Mammal,3,89,92
36560,Reptile,4,54,58
36560,fw_fish,12,16,28
36561,Amphibian,3,24,27
36561,Bird,38,338,376
36561,Mammal,3,93,96
36561,Reptile,4,55,59
36561,fw_fish,12,15,27
36562,Amphibian,3,24,27
36562,Bird,37,342,379
36562,Mammal,3,90,93
36562,Reptile,4,55,59
36562,fw_fish,13,22,35
36563,Amphibian,3,23,26
36563,Bird,36,339,375
36563,Mammal,3,87,90
36563,Reptile,4,56,60
36563,fw_fish,13,22,35
36564,Amphibian,3,25,28
36564,Bird,38,340,378
36564,Mammal,3,95,98
36564,Reptile,4,56,60
36564,fw_fish,13,22,35
36565,Amphibian,3,23,26
36565,Bird,37,336,373
36565,Mammal,3,93,96
36565,Reptile,4,57,61
36565,fw_fish,13,22,35
36566,Amphibian,3,25,28
36566,Bird,37,334,371
36566,Mammal,3,94,97
36566,Reptile,3,57,60
36566,fw_fish,12,15,27
36567,Amphibian,3,24,27
36567,Bird,33,321,354
36567,Mammal,3,95,98
36567,Reptile,3,54,57
36567,fw_fish,18,36,54
36568,Amphibian,3,24,27
36568,Bird,33,323,356
36568,Mammal,3,94,97
36568,Reptile,3,54,57
36568,fw_fish,19,33,52
36569,Amphibian,3,25,28
36569,Bird,33,322,355
36569,Mammal,4,97,101
36569,Reptile,3,59,62
36569,fw_fish,17,33,50
36570,Amphibian,3,27,30
36570,Bird,34,328,362
36570,Mammal,5,103,108
36570,Reptile,3,60,63
36570,fw_fish,17,34,51
36571,Amphibian,3,21,24
36571,Bird,32,315,347
36571,Mammal,3,94,97
36571,Reptile,3,51,54
36571,fw_fish,19,30,49
36572,Amphibian,4,21,25
36572,Bird,32,318,350
36572,Mammal,3,92,95
36572,Reptile,3,53,56
36572,fw_fish,21,38,59
36573,Amphibian,4,26,30
36573,Bird,35,333,368
36573,Mammal,5,104,109
36573,Reptile,3,61,64
36573,fw_fish,20,34,54
36574,Amphibian,3,24,27
36574,Bird,33,328,361
36574,Mammal,4,100,104
36574,Reptile,3,59,62
36574,fw_fish,27,46,73
36575,Amphibian,3,22,25
36575,Bird,33,295,328
36575,Mammal,5,98,103
36575,Reptile,3,59,62
36575,fw_fish,16,29,45
36576,Amphibian,3,23,26
36576,Bird,32,302,334
36576,Mammal,5,98,103
36576,Reptile,3,60,63
36576,fw_fish,16,29,45
36577,Amphibian,3,23,26
36577,Bird,33,311,344
36577,Mammal,5,98,103
36577,Reptile,3,60,63
36577,fw_fish,16,29,45
36578,Amphibian,3,20,23
36578,Bird,33,287,320
36578,Mammal,5,97,102
36578,Reptile,3,57,60
36578,fw_fish,14,27,41
36579,Amphibian,3,21,24
36579,Bird,36,315,351
36579,Mammal,5,105,110
36579,Reptile,4,63,67
36579,fw_fish,18,32,50
36581,Amphibian,3,21,24
36581,Bird,33,309,342
36581,Mammal,5,99,104
36581,Reptile,4,62,66
36581,fw_fish,18,32,50
36582,Amphibian,3,23,26
36582,Bird,30,316,346
36582,Mammal,5,98,103
36582,Reptile,4,57,61
36582,fw_fish,16,30,46
36583,Amphibian,3,25,28
36583,Bird,34,321,355
36583,Mammal,5,99,104
36583,Reptile,4,60,64
36583,fw_fish,16,30,46
36584,Amphibian,3,25,28
36584,Bird,34,319,353
36584,Mammal,5,97,102
36584,Reptile,3,60,63
36584,fw_fish,16,30,46
36585,Amphibian,3,24,27
36585,Bird,33,319,352
36585,Mammal,5,94,99
36585,Reptile,3,59,62
36585,fw_fish,13,20,33
36586,Amphibian,3,25,28
36586,Bird,34,320,354
36586,Mammal,5,95,100
36586,Reptile,3,58,61
36586,fw_fish,16,30,46
36587,Amphibian,3,22,25
36587,Bird,31,313,344
36587,Mammal,5,95,100
36587,Reptile,4,57,61
36587,fw_fish,16,30,46
36588,Amphibian,3,24,27
36588,Bird,32,320,352
36588,Mammal,5,97,102
36588,Reptile,5,57,62
36588,fw_fish,17,30,47
36589,Amphibian,3,24,27
36589,Bird,31,320,351
36589,Mammal,5,96,101
36589,Reptile,4,58,62
36589,fw_fish,16,30,46
36590,Amphibian,3,22,25
36590,Bird,31,312,343
36590,Mammal,5,95,100
36590,Reptile,4,56,60
36590,fw_fish,17,30,47
36591,Amphibian,3,22,25
36591,Bird,31,316,347
36591,Mammal,5,95,100
36591,Reptile,4,56,60
36591,fw_fish,17,29,46
36592,Amphibian,3,23,26
36592,Bird,31,317,348
36592,Mammal,5,95,100
36592,Reptile,4,55,59
36592,fw_fish,17,30,47
36593,Amphibian,3,24,27
36593,Bird,31,317,348
36593,Mammal,5,94,99
36593,Reptile,4,55,59
36593,fw_fish,17,30,47
36594,Amphibian,3,24,27
36594,Bird,31,320,351
36594,Mammal,5,94,99
36594,Reptile,4,56,60
36594,fw_fish,17,30,47
36595,Amphibian,3,21,24
36595,Bird,32,311,343
36595,Mammal,5,94,99
36595,Reptile,4,58,62
36595,fw_fish,17,30,47
36596,Amphibian,3,22,25
36596,Bird,32,313,345
36596,Mammal,5,93,98
36596,Reptile,4,55,59
36596,fw_fish,17,29,46
36597,Amphibian,3,23,26
36597,Bird,33,318,351
36597,Mammal,5,92,97
36597,Reptile,4,55,59
36597,fw_fish,17,30,47
36598,Amphibian,3,23,26
36598,Bird,33,317,350
36598,Mammal,5,92,97
36598,Reptile,4,55,59
36598,fw_fish,17,31,48
36599,Amphibian,3,23,26
36599,Bird,34,316,350
36599,Mammal,5,91,96
36599,Reptile,4,56,60
36599,fw_fish,17,30,47
36600,Amphibian,3,23,26
36600,Bird,34,315,349
36600,Mammal,5,89,94
36600,Reptile,4,56,60
36600,fw_fish,17,30,47
36601,Amphibian,1,20,21
36601,Bird,40,306,346
36601,Mammal,2,67,69
36601,Reptile,6,44,50
36601,fw_fish,9,14,23
36602,Amphibian,4,24,28
36602,Bird,38,336,374
36602,Mammal,4,92,96
36602,Reptile,2,56,58
36602,fw_fish,12,15,27
36603,Amphibian,1,22,23
36603,Bird,38,313,351
36603,Mammal,2,70,72
36603,Reptile,6,45,51
36603,fw_fish,10,18,28
36604,Amphibian,4,24,28
36604,Bird,34,322,356
36604,Mammal,5,95,100
36604,Reptile,3,58,61
36604,fw_fish,16,30,46
36605,Amphibian,4,24,28
36605,Bird,34,323,357
36605,Mammal,5,94,99
36605,Reptile,3,58,61
36605,fw_fish,16,31,47
36606,Amphibian,4,24,28
36606,Bird,34,323,357
36606,Mammal,5,94,99
36606,Reptile,3,58,61
36606,fw_fish,17,32,49
36607,Amphibian,4,28,32
36607,Bird,49,377,426
36607,Mammal,5,101,106
36607,Reptile,6,64,70
36607,fw_fish,21,41,62
36608,Amphibian,1,22,23
36608,Bird,39,296,335
36608,Mammal,2,68,70
36608,Reptile,6,38,44
36608,fw_fish,15,24,39
36609,Amphibian,4,24,28
36609,Bird,35,328,363
36609,Mammal,5,93,98
36609,Reptile,3,58,61
36609,fw_fish,16,31,47
36610,Amphibian,4,24,28
36610,Bird,36,326,362
36610,Mammal,5,92,97
36610,Reptile,3,58,61
36610,fw_fish,16,31,47
36611,Amphibian,4,24,28
36611,Bird,36,326,362
36611,Mammal,5,92,97
36611,Reptile,3,58,61
36611,fw_fish,17,31,48
36612,Amphibian,4,24,28
36612,Bird,36,327,363
36612,Mammal,5,92,97
36612,Reptile,2,57,59
36612,fw_fish,12,15,27
36613,Amphibian,1,22,23
36613,Bird,38,305,343
36613,Mammal,2,69,71
36613,Reptile,6,41,47
36613,fw_fish,15,25,40
36614,Amphibian,4,24,28
36614,Bird,32,324,356
36614,Mammal,5,95,100
36614,Reptile,4,59,63
36614,fw_fish,16,31,47
36615,Amphibian,4,28,32
36615,Bird,50,377,427
36615,Mammal,5,104,109
36615,Reptile,6,63,69
36615,fw_fish,20,46,66
36616,Amphibian,1,22,23
36616,Bird,37,305,342
36616,Mammal,2,70,72
36616,Reptile,6,41,47
36616,fw_fish,7,18,25
36617,Amphibian,4,25,29
36617,Bird,41,338,379
36617,Mammal,5,94,99
36617,Reptile,3,57,60
36617,fw_fish,19,42,61
36618,Amphibian,3,24,27
36618,Bird,34,323,357
36618,Mammal,5,95,100
36618,Reptile,4,57,61
36618,fw_fish,16,31,47
36620,Amphibian,4,23,27
36620,Bird,34,324,358
36620,Mammal,5,95,100
36620,Reptile,4,58,62
36620,fw_fish,16,31,47
36621,Amphibian,4,23,27
36621,Bird,38,331,369
36621,Mammal,5,93,98
36621,Reptile,4,58,62
36621,fw_fish,19,43,62
36623,Amphibian,4,23,27
36623,Bird,37,328,365
36623,Mammal,5,93,98
36623,Reptile,4,57,61
36623,fw_fish,19,42,61
36624,Amphibian,1,23,24
36624,Bird,35,328,363
36624,Mammal,2,76,78
36624,Reptile,5,50,55
36624,fw_fish,12,21,33
36625,Amphibian,4,22,26
36625,Bird,37,332,369
36625,Mammal,5,94,99
36625,Reptile,4,55,59
36625,fw_fish,19,42,61
36626,Amphibian,3,23,26
36626,Bird,33,321,354
36626,Mammal,5,94,99
36626,Reptile,4,56,60
36626,fw_fish,16,31,47
36627,Amphibian,3,23,26
36627,Bird,33,320,353
36627,Mammal,5,93,98
36627,Reptile,4,56,60
36627,fw_fish,16,31,47
36628,Amphibian,3,23,26
36628,Bird,32,316,348
36628,Mammal,5,91,96
36628,Reptile,4,55,59
36628,fw_fish,16,31,47
36629,Amphibian,3,23,26
36629,Bird,34,316,350
36629,Mammal,5,90,95
36629,Reptile,4,55,59
36629,fw_fish,16,31,47
36630,Amphibian,4,22,26
36630,Bird,33,324,357
36630,Mammal,5,90,95
36630,Reptile,4,55,59
36630,fw_fish,17,33,50
36631,Amphibian,4,22,26
36631,Bird,33,324,357
36631,Mammal,5,93,98
36631,Reptile,4,55,59
36631,fw_fish,17,33,50
36632,Amphibian,4,22,26
36632,Bird,34,326,360
36632,Mammal,5,91,96
36632,Reptile,4,54,58
36632,fw_fish,17,32,49
36633,Amphibian,4,22,26
36633,Bird,34,325,359
36633,Mammal,5,92,97
36633,Reptile,4,54,58
36633,fw_fish,17,32,49
36634,Amphibian,4,22,26
36634,Bird,36,334,370
36634,Mammal,5,95,100
36634,Reptile,4,57,61
36634,fw_fish,19,42,61
36635,Amphibian,4,22,26
36635,Bird,37,335,372
36635,Mammal,5,95,100
36635,Reptile,4,56,60
36635,fw_fish,19,42,61
36636,Amphibian,4,22,26
36636,Bird,37,334,371
36636,Mammal,5,93,98
36636,Reptile,4,55,59
36636,fw_fish,19,42,61
36637,Amphibian,4,22,26
36637,Bird,37,334,371
36637,Mammal,5,95,100
36637,Reptile,4,55,59
36637,fw_fish,19,42,61
36638,Amphibian,4,21,25
36638,Bird,37,331,368
36638,Mammal,5,91,96
36638,Reptile,4,55,59
36638,fw_fish,19,42,61
36639,Amphibian,4,21,25
36639,Bird,37,331,368
36639,Mammal,5,90,95
36639,Reptile,4,53,57
36639,fw_fish,19,42,61
36640,Amphibian,4,21,25
36640,Bird,37,332,369
36640,Mammal,5,90,95
36640,Reptile,4,52,56
36640,fw_fish,19,42,61
36641,Amphibian,4,21,25
36641,Bird,37,334,371
36641,Mammal,5,90,95
36641,Reptile,4,52,56
36641,fw_fish,19,42,61
36642,Amphibian,4,21,25
36642,Bird,37,333,370
36642,Mammal,5,90,95
36642,Reptile,4,52,56
36642,fw_fish,19,42,61
36643,Amphibian,4,21,25
36643,Bird,37,334,371
36643,Mammal,5,90,95
36643,Reptile,4,52,56
36643,fw_fish,19,42,61
36644,Amphibian,4,25,29
36644,Bird,42,349,391
36644,Mammal,3,93,96
36644,Reptile,4,57,61
36644,fw_fish,20,43,63
36645,Amphibian,4,24,28
36645,Bird,41,340,381
36645,Mammal,4,94,98
36645,Reptile,3,57,60
36645,fw_fish,19,42,61
36646,Amphibian,4,23,27
36646,Bird,39,337,376
36646,Mammal,5,94,99
36646,Reptile,3,56,59
36646,fw_fish,19,42,61
36647,Amphibian,4,25,29
36647,Bird,41,346,387
36647,Mammal,5,94,99
36647,Reptile,3,56,59
36647,fw_fish,19,42,61
36648,Amphibian,4,24,28
36648,Bird,39,338,377
36648,Mammal,5,95,100
36648,Reptile,4,54,58
36648,fw_fish,21,43,64
36649,Amphibian,4,22,26
36649,Bird,37,332,369
36649,Mammal,5,93,98
36649,Reptile,4,54,58
36649,fw_fish,19,42,61
36650,Amphibian,4,22,26
36650,Bird,37,332,369
36650,Mammal,5,93,98
36650,Reptile,4,54,58
36650,fw_fish,19,42,61
36651,Amphibian,4,22,26
36651,Bird,37,333,370
36651,Mammal,5,93,98
36651,Reptile,4,54,58
36651,fw_fish,19,42,61
36652,Amphibian,4,23,27
36652,Bird,38,337,375
36652,Mammal,5,91,96
36652,Reptile,4,54,58
36652,fw_fish,18,32,50
36653,Amphibian,4,23,27
36653,Bird,38,340,378
36653,Mammal,5,94,99
36653,Reptile,4,55,59
36653,fw_fish,21,36,57
36654,Amphibian,4,23,27
36654,Bird,39,338,377
36654,Mammal,5,94,99
36654,Reptile,4,54,58
36654,fw_fish,20,36,56
36655,Amphibian,4,23,27
36655,Bird,38,338,376
36655,Mammal,5,90,95
36655,Reptile,4,53,57
36655,fw_fish,20,36,56
36656,Amphibian,4,23,27
36656,Bird,40,340,380
36656,Mammal,5,94,99
36656,Reptile,4,56,60
36656,fw_fish,20,36,56
36657,Amphibian,4,23,27
36657,Bird,40,339,379
36657,Mammal,5,95,100
36657,Reptile,4,55,59
36657,fw_fish,21,36,57
36658,Amphibian,4,25,29
36658,Bird,46,354,400
36658,Mammal,6,103,109
36658,Reptile,5,57,62
36658,fw_fish,20,37,57
36659,Amphibian,4,24,28
36659,Bird,44,343,387
36659,Mammal,5,97,102
36659,Reptile,4,56,60
36659,fw_fish,20,36,56
36660,Amphibian,4,24,28
36660,Bird,44,344,388
36660,Mammal,5,99,104
36660,Reptile,4,56,60
36660,fw_fish,20,36,56
36661,Amphibian,4,26,30
36661,Bird,47,349,396
36661,Mammal,5,100,105
36661,Reptile,4,56,60
36661,fw_fish,20,36,56
36662,Amphibian,4,25,29
36662,Bird,47,349,396
36662,Mammal,5,100,105
36662,Reptile,4,56,60
36662,fw_fish,20,36,56
36663,Amphibian,4,26,30
36663,Bird,47,353,400
36663,Mammal,5,101,106
36663,Reptile,4,56,60
36663,fw_fish,20,36,56
36664,Amphibian,4,26,30
36664,Bird,44,352,396
36664,Mammal,3,99,102
36664,Reptile,4,57,61
36664,fw_fish,20,36,56
36665,Amphibian,3,25,28
36665,Bird,44,349,393
36665,Mammal,4,99,103
36665,Reptile,4,58,62
36665,fw_fish,20,36,56
36666,Amphibian,3,26,29
36666,Bird,45,357,402
36666,Mammal,4,98,102
36666,Reptile,5,60,65
36666,fw_fish,8,15,23
36667,Amphibian,3,25,28
36667,Bird,41,351,392
36667,Mammal,4,99,103
36667,Reptile,5,59,64
36667,fw_fish,8,15,23
36668,Amphibian,4,26,30
36668,Bird,44,352,396
36668,Mammal,4,101,105
36668,Reptile,5,57,62
36668,fw_fish,20,36,56
36669,Amphibian,4,27,31
36669,Bird,45,353,398
36669,Mammal,6,102,108
36669,Reptile,5,57,62
36669,fw_fish,20,36,56
36670,Amphibian,4,27,31
36670,Bird,47,358,405
36670,Mammal,5,101,106
36670,Reptile,5,59,64
36670,fw_fish,20,37,57
36671,Amphibian,4,27,31
36671,Bird,44,351,395
36671,Mammal,5,102,107
36671,Reptile,5,58,63
36671,fw_fish,20,37,57
36672,Amphibian,4,27,31
36672,Bird,44,352,396
36672,Mammal,5,101,106
36672,Reptile,5,58,63
36672,fw_fish,20,37,57
36673,Amphibian,4,26,30
36673,Bird,46,352,398
36673,Mammal,5,100,105
36673,Reptile,6,58,64
36673,fw_fish,20,37,57
36674,Amphibian,4,25,29
36674,Bird,44,352,396
36674,Mammal,6,100,106
36674,Reptile,6,59,65
36674,fw_fish,20,38,58
36675,Amphibian,4,25,29
36675,Bird,40,343,383
36675,Mammal,5,97,102
36675,Reptile,6,60,66
36675,fw_fish,15,30,45
36676,Amphibian,4,23,27
36676,Bird,42,347,389
36676,Mammal,6,98,104
36676,Reptile,6,59,65
36676,fw_fish,15,30,45
36677,Amphibian,4,23,27
36677,Bird,44,341,385
36677,Mammal,6,98,104
36677,Reptile,6,59,65
36677,fw_fish,20,38,58
36678,Amphibian,4,23,27
36678,Bird,41,338,379
36678,Mammal,5,95,100
36678,Reptile,4,57,61
36678,fw_fish,20,38,58
36679,Amphibian,4,23,27
36679,Bird,40,338,378
36679,Mammal,5,94,99
36679,Reptile,4,54,58
36679,fw_fish,20,36,56
36680,Amphibian,4,23,27
36680,Bird,39,337,376
36680,Mammal,5,91,96
36680,Reptile,4,53,57
36680,fw_fish,20,36,56
36681,Amphibian,4,23,27
36681,Bird,40,340,380
36681,Mammal,5,92,97
36681,Reptile,4,54,58
36681,fw_fish,15,30,45
36682,Amphibian,4,22,26
36682,Bird,37,336,373
36682,Mammal,5,89,94
36682,Reptile,4,53,57
36682,fw_fish,18,32,50
36683,Amphibian,3,26,29
36683,Bird,35,347,382
36683,Mammal,5,98,103
36683,Reptile,5,58,63
36683,fw_fish,8,16,24
36684,Amphibian,3,26,29
36684,Bird,35,347,382
36684,Mammal,5,98,103
36684,Reptile,5,59,64
36684,fw_fish,8,16,24
36685,Amphibian,3,26,29
36685,Bird,37,345,382
36685,Mammal,5,98,103
36685,Reptile,5,59,64
36685,fw_fish,8,16,24
36686,Amphibian,4,24,28
36686,Bird,31,317,348
36686,Mammal,5,88,93
36686,Reptile,5,55,60
36686,fw_fish,18,39,57
36687,Amphibian,4,23,27
36687,Bird,32,317,349
36687,Mammal,4,88,92
36687,Reptile,5,55,60
36687,fw_fish,14,33,47
36688,Amphibian,4,24,28
36688,Bird,32,316,348
36688,Mammal,5,91,96
36688,Reptile,5,56,61
36688,fw_fish,14,35,49
36689,Amphibian,3,26,29
36689,Bird,32,313,345
36689,Mammal,4,92,96
36689,Reptile,4,56,60
36689,fw_fish,14,33,47
36690,Amphibian,3,26,29
36690,Bird,33,317,350
36690,Mammal,4,91,95
36690,Reptile,4,55,59
36690,fw_fish,14,33,47
36691,Amphibian,3,26,29
36691,Bird,32,310,342
36691,Mammal,3,90,93
36691,Reptile,3,55,58
36691,fw_fish,14,33,47
36692,Amphibian,3,24,27
36692,Bird,29,308,337
36692,Mammal,4,86,90
36692,Reptile,4,47,51
36692,fw_fish,9,25,34
36693,Amphibian,3,24,27
36693,Bird,29,306,335
36693,Mammal,4,84,88
36693,Reptile,4,49,53
36693,fw_fish,8,22,30
36694,Amphibian,3,26,29
36694,Bird,29,302,331
36694,Mammal,4,86,90
36694,Reptile,4,49,53
36694,fw_fish,17,27,44
36695,Amphibian,3,27,30
36695,Bird,29,303,332
36695,Mammal,4,84,88
36695,Reptile,4,48,52
36695,fw_fish,19,32,51
36696,Amphibian,3,27,30
36696,Bird,29,302,331
36696,Mammal,4,84,88
36696,Reptile,3,50,53
36696,fw_fish,19,32,51
36697,Amphibian,3,27,30
36697,Bird,29,300,329
36697,Mammal,4,83,87
36697,Reptile,3,49,52
36697,fw_fish,18,36,54
36698,Amphibian,3,27,30
36698,Bird,29,303,332
36698,Mammal,4,83,87
36698,Reptile,3,49,52
36698,fw_fish,18,36,54
36699,Amphibian,3,27,30
36699,Bird,29,300,329
36699,Mammal,4,81,85
36699,Reptile,3,48,51
36699,fw_fish,18,36,54
36700,Amphibian,3,27,30
36700,Bird,27,305,332
36700,Mammal,4,82,86
36700,Reptile,3,50,53
36700,fw_fish,20,38,58
36701,Amphibian,3,27,30
36701,Bird,27,308,335
36701,Mammal,4,80,84
36701,Reptile,3,50,53
36701,fw_fish,20,38,58
36702,Amphibian,3,27,30
36702,Bird,27,307,334
36702,Mammal,4,81,85
36702,Reptile,3,49,52
36702,fw_fish,20,38,58
36703,Amphibian,3,27,30
36703,Bird,28,316,344
36703,Mammal,5,83,88
36703,Reptile,3,50,53
36703,fw_fish,20,39,59
36704,Amphibian,3,27,30
36704,Bird,28,307,335
36704,Mammal,4,83,87
36704,Reptile,3,48,51
36704,fw_fish,20,38,58
36705,Amphibian,3,27,30
36705,Bird,28,304,332
36705,Mammal,4,81,85
36705,Reptile,3,49,52
36705,fw_fish,20,38,58
36706,Amphibian,3,24,27
36706,Bird,28,320,348
36706,Mammal,5,85,90
36706,Reptile,3,49,52
36706,fw_fish,18,35,53
36707,Amphibian,2,22,24
36707,Bird,37,329,366
36707,Mammal,2,76,78
36707,Reptile,5,52,57
36707,fw_fish,9,15,24
36710,Amphibian,3,24,27
36710,Bird,30,304,334
36710,Mammal,4,92,96
36710,Reptile,5,55,60
36710,fw_fish,14,33,47
36711,Amphibian,3,24,27
36711,Bird,26,300,326
36711,Mammal,5,85,90
36711,Reptile,4,50,54
36711,fw_fish,14,28,42
36712,Amphibian,3,24,27
36712,Bird,26,297,323
36712,Mammal,5,85,90
36712,Reptile,4,50,54
36712,fw_fish,17,28,45
36713,Amphibian,3,24,27
36713,Bird,26,296,322
36713,Mammal,5,85,90
36713,Reptile,4,50,54
36713,fw_fish,17,28,45
36714,Amphibian,3,22,25
36714,Bird,28,304,332
36714,Mammal,5,81,86
36714,Reptile,3,51,54
36714,fw_fish,18,32,50
36715,Amphibian,3,22,25
36715,Bird,27,301,328
36715,Mammal,5,84,89
36715,Reptile,4,50,54
36715,fw_fish,18,32,50
36716,Amphibian,2,23,25
36716,Bird,28,293,321
36716,Mammal,4,80,84
36716,Reptile,4,48,52
36716,fw_fish,14,28,42
36717,Amphibian,2,21,23
36717,Bird,26,292,318
36717,Mammal,4,80,84
36717,Reptile,4,49,53
36717,fw_fish,14,28,42
36718,Amphibian,3,22,25
36718,Bird,26,295,321
36718,Mammal,5,82,87
36718,Reptile,4,48,52
36718,fw_fish,14,28,42
36719,Amphibian,2,21,23
36719,Bird,31,280,311
36719,Mammal,3,80,83
36719,Reptile,3,46,49
36719,fw_fish,14,30,44
36720,Amphibian,2,21,23
36720,Bird,31,284,315
36720,Mammal,5,81,86
36720,Reptile,3,47,50
36720,fw_fish,14,30,44
36721,Amphibian,4,23,27
36721,Bird,41,339,380
36721,Mammal,4,89,93
36721,Reptile,5,58,63
36721,fw_fish,15,30,45
36722,Amphibian,3,23,26
36722,Bird,37,328,365
36722,Mammal,3,84,87
36722,Reptile,5,57,62
36722,fw_fish,15,30,45
36723,Amphibian,3,23,26
36723,Bird,36,319,355
36723,Mammal,3,81,84
36723,Reptile,4,54,58
36723,fw_fish,15,30,45
36724,Amphibian,3,23,26
36724,Bird,36,317,353
36724,Mammal,3,81,84
36724,Reptile,4,53,57
36724,fw_fish,15,30,45
36725,Amphibian,3,23,26
36725,Bird,36,317,353
36725,Mammal,3,81,84
36725,Reptile,4,53,57
36725,fw_fish,15,30,45
36726,Amphibian,4,24,28
36726,Bird,33,313,346
36726,Mammal,4,84,88
36726,Reptile,5,55,60
36726,fw_fish,17,37,54
36727,Amphibian,3,23,26
36727,Bird,33,303,336
36727,Mammal,3,82,85
36727,Reptile,4,54,58
36727,fw_fish,18,37,55
36728,Amphibian,3,23,26
36728,Bird,32,297,329
36728,Mammal,3,80,83
36728,Reptile,5,52,57
36728,fw_fish,17,36,53
36729,Amphibian,3,23,26
36729,Bird,33,289,322
36729,Mammal,3,77,80
36729,Reptile,5,52,57
36729,fw_fish,15,33,48
36730,Amphibian,3,22,25
36730,Bird,32,291,323
36730,Mammal,3,79,82
36730,Reptile,4,49,53
36730,fw_fish,15,33,48
36731,Amphibian,3,21,24
36731,Bird,36,329,365
36731,Mammal,5,89,94
36731,Reptile,4,51,55
36731,fw_fish,18,32,50
36732,Amphibian,3,21,24
36732,Bird,37,331,368
36732,Mammal,4,88,92
36732,Reptile,4,51,55
36732,fw_fish,19,36,55
36733,Amphibian,4,23,27
36733,Bird,37,336,373
36733,Mammal,5,90,95
36733,Reptile,4,52,56
36733,fw_fish,20,36,56
36734,Amphibian,4,23,27
36734,Bird,37,337,374
36734,Mammal,5,89,94
36734,Reptile,4,52,56
36734,fw_fish,15,30,45
36735,Amphibian,4,23,27
36735,Bird,40,339,379
36735,Mammal,5,90,95
36735,Reptile,4,54,58
36735,fw_fish,15,30,45
36736,Amphibian,4,23,27
36736,Bird,39,341,380
36736,Mammal,5,92,97
36736,Reptile,6,56,62
36736,fw_fish,15,30,45
36737,Amphibian,4,23,27
36737,Bird,37,337,374
36737,Mammal,5,89,94
36737,Reptile,4,52,56
36737,fw_fish,15,30,45
36738,Amphibian,4,23,27
36738,Bird,39,336,375
36738,Mammal,5,90,95
36738,Reptile,4,54,58
36738,fw_fish,15,30,45
36739,Amphibian,3,22,25
36739,Bird,39,330,369
36739,Mammal,3,83,86
36739,Reptile,4,55,59
36739,fw_fish,15,30,45
36740,Amphibian,3,22,25
36740,Bird,38,319,357
36740,Mammal,3,83,86
36740,Reptile,4,54,58
36740,fw_fish,20,36,56
36741,Amphibian,3,22,25
36741,Bird,38,320,358
36741,Mammal,3,82,85
36741,Reptile,4,55,59
36741,fw_fish,20,36,56
36742,Amphibian,3,22,25
36742,Bird,37,312,349
36742,Mammal,3,81,84
36742,Reptile,4,52,56
36742,fw_fish,20,36,56
36743,Amphibian,3,23,26
36743,Bird,38,310,348
36743,Mammal,3,80,83
36743,Reptile,5,53,58
36743,fw_fish,20,35,55
36744,Amphibian,3,23,26
36744,Bird,37,307,344
36744,Mammal,3,82,85
36744,Reptile,5,53,58
36744,fw_fish,20,35,55
36745,Amphibian,3,23,26
36745,Bird,37,309,346
36745,Mammal,3,81,84
36745,Reptile,4,53,57
36745,fw_fish,15,30,45
36746,Amphibian,3,24,27
36746,Bird,42,318,360
36746,Mammal,3,83,86
36746,Reptile,6,56,62
36746,fw_fish,24,45,69
36747,Amphibian,3,20,23
36747,Bird,38,309,347
36747,Mammal,3,78,81
36747,Reptile,5,53,58
36747,fw_fish,20,35,55
36748,Amphibian,3,21,24
36748,Bird,39,301,340
36748,Mammal,3,78,81
36748,Reptile,5,54,59
36748,fw_fish,26,43,69
36749,Amphibian,3,21,24
36749,Bird,39,300,339
36749,Mammal,3,78,81
36749,Reptile,6,54,60
36749,fw_fish,22,39,61
36750,Amphibian,2,22,24
36750,Bird,33,311,344
36750,Mammal,5,87,92
36750,Reptile,4,56,60
36750,fw_fish,16,31,47
36751,Amphibian,3,22,25
36751,Bird,34,312,346
36751,Mammal,5,88,93
36751,Reptile,4,56,60
36751,fw_fish,16,31,47
36752,Amphibian,3,22,25
36752,Bird,34,316,350
36752,Mammal,5,89,94
36752,Reptile,4,55,59
36752,fw_fish,17,32,49
36753,Amphibian,3,21,24
36753,Bird,36,332,368
36753,Mammal,5,88,93
36753,Reptile,4,51,55
36753,fw_fish,19,42,61
36754,Amphibian,3,21,24
36754,Bird,36,332,368
36754,Mammal,5,90,95
36754,Reptile,4,50,54
36754,fw_fish,19,42,61
36755,Amphibian,4,21,25
36755,Bird,36,333,369
36755,Mammal,5,90,95
36755,Reptile,4,52,56
36755,fw_fish,19,42,61
36756,Amphibian,3,21,24
36756,Bird,36,317,353
36756,Mammal,4,87,91
36756,Reptile,4,55,59
36756,fw_fish,17,32,49
36757,Amphibian,3,20,23
36757,Bird,36,324,360
36757,Mammal,4,88,92
36757,Reptile,4,54,58
36757,fw_fish,19,42,61
36758,Amphibian,3,21,24
36758,Bird,37,329,366
36758,Mammal,3,89,92
36758,Reptile,4,53,57
36758,fw_fish,19,42,61
36759,Amphibian,2,22,24
36759,Bird,36,314,350
36759,Mammal,3,94,97
36759,Reptile,4,55,59
36759,fw_fish,18,33,51
36760,Amphibian,3,20,23
36760,Bird,35,316,351
36760,Mammal,3,87,90
36760,Reptile,4,55,59
36760,fw_fish,17,32,49
36761,Amphibian,2,22,24
36761,Bird,35,313,348
36761,Mammal,3,95,98
36761,Reptile,4,53,57
36761,fw_fish,18,33,51
36762,Amphibian,3,20,23
36762,Bird,36,317,353
36762,Mammal,3,86,89
36762,Reptile,4,54,58
36762,fw_fish,18,38,56
36763,Amphibian,3,20,23
36763,Bird,36,324,360
36763,Mammal,3,84,87
36763,Reptile,4,52,56
36763,fw_fish,18,32,50
36764,Amphibian,3,20,23
36764,Bird,37,318,355
36764,Mammal,3,90,93
36764,Reptile,4,55,59
36764,fw_fish,20,41,61
36765,Amphibian,3,20,23
36765,Bird,37,313,350
36765,Mammal,3,81,84
36765,Reptile,4,50,54
36765,fw_fish,18,32,50
36766,Amphibian,2,21,23
36766,Bird,38,304,342
36766,Mammal,3,91,94
36766,Reptile,3,54,57
36766,fw_fish,23,50,73
36767,Amphibian,3,20,23
36767,Bird,38,306,344
36767,Mammal,3,91,94
36767,Reptile,5,56,61
36767,fw_fish,22,48,70
36768,Amphibian,3,20,23
36768,Bird,38,317,355
36768,Mammal,3,92,95
36768,Reptile,5,55,60
36768,fw_fish,23,50,73
36769,Amphibian,3,19,22
36769,Bird,40,314,354
36769,Mammal,3,90,93
36769,Reptile,5,55,60
36769,fw_fish,20,41,61
36770,Amphibian,3,19,22
36770,Bird,38,310,348
36770,Mammal,3,83,86
36770,Reptile,4,54,58
36770,fw_fish,20,41,61
36771,Amphibian,3,19,22
36771,Bird,41,313,354
36771,Mammal,3,91,94
36771,Reptile,5,57,62
36771,fw_fish,24,50,74
36772,Amphibian,3,19,22
36772,Bird,37,308,345
36772,Mammal,3,81,84
36772,Reptile,5,54,59
36772,fw_fish,24,50,74
36773,Amphibian,2,21,23
36773,Bird,32,300,332
36773,Mammal,5,96,101
36773,Reptile,4,61,65
36773,fw_fish,18,32,50
36774,Amphibian,2,21,23
36774,Bird,31,300,331
36774,Mammal,5,97,102
36774,Reptile,4,60,64
36774,fw_fish,18,32,50
36775,Amphibian,2,22,24
36775,Bird,34,303,337
36775,Mammal,5,94,99
36775,Reptile,4,58,62
36775,fw_fish,19,32,51
36776,Amphibian,2,22,24
36776,Bird,34,309,343
36776,Mammal,5,92,97
36776,Reptile,4,59,63
36776,fw_fish,17,29,46
36777,Amphibian,2,22,24
36777,Bird,34,310,344
36777,Mammal,5,91,96
36777,Reptile,4,59,63
36777,fw_fish,17,29,46
36778,Amphibian,2,22,24
36778,Bird,33,309,342
36778,Mammal,5,91,96
36778,Reptile,4,57,61
36778,fw_fish,18,33,51
36779,Amphibian,2,22,24
36779,Bird,33,312,345
36779,Mammal,5,88,93
36779,Reptile,4,57,61
36779,fw_fish,19,34,53
36780,Amphibian,2,20,22
36780,Bird,33,292,325
36780,Mammal,4,94,98
36780,Reptile,4,61,65
36780,fw_fish,18,32,50
36782,Amphibian,2,22,24
36782,Bird,34,309,343
36782,Mammal,4,90,94
36782,Reptile,4,55,59
36782,fw_fish,18,34,52
36783,Amphibian,2,22,24
36783,Bird,34,286,320
36783,Mammal,3,97,100
36783,Reptile,4,55,59
36783,fw_fish,18,32,50
36784,Amphibian,2,22,24
36784,Bird,36,292,328
36784,Mammal,3,96,99
36784,Reptile,4,56,60
36784,fw_fish,18,33,51
36785,Amphibian,2,22,24
36785,Bird,36,299,335
36785,Mammal,3,97,100
36785,Reptile,4,56,60
36785,fw_fish,18,34,52
36786,Amphibian,2,22,24
36786,Bird,38,287,325
36786,Mammal,3,97,100
36786,Reptile,4,54,58
36786,fw_fish,18,32,50
36787,Amphibian,2,22,24
36787,Bird,36,289,325
36787,Mammal,3,96,99
36787,Reptile,4,54,58
36787,fw_fish,18,33,51
36788,Amphibian,2,23,25
36788,Bird,43,286,329
36788,Mammal,4,100,104
36788,Reptile,4,54,58
36788,fw_fish,39,73,112
36789,Amphibian,2,22,24
36789,Bird,38,287,325
36789,Mammal,3,98,101
36789,Reptile,4,54,58
36789,fw_fish,18,33,51
36790,Amphibian,2,23,25
36790,Bird,39,291,330
36790,Mammal,3,98,101
36790,Reptile,3,55,58
36790,fw_fish,18,33,51
36791,Amphibian,2,22,24
36791,Bird,37,291,328
36791,Mammal,3,96,99
36791,Reptile,3,56,59
36791,fw_fish,18,32,50
36792,Amphibian,2,21,23
36792,Bird,39,303,342
36792,Mammal,3,95,98
36792,Reptile,4,56,60
36792,fw_fish,19,34,53
36793,Amphibian,2,21,23
36793,Bird,33,284,317
36793,Mammal,5,97,102
36793,Reptile,3,59,62
36793,fw_fish,14,27,41
36795,Amphibian,2,21,23
36795,Bird,34,286,320
36795,Mammal,3,98,101
36795,Reptile,4,56,60
36795,fw_fish,18,32,50
36796,Amphibian,2,22,24
36796,Bird,34,278,312
36796,Mammal,4,96,100
36796,Reptile,6,55,61
36796,fw_fish,26,54,80
36797,Amphibian,2,23,25
36797,Bird,40,281,321
36797,Mammal,4,98,102
36797,Reptile,6,56,62
36797,fw_fish,26,54,80
36798,Amphibian,2,22,24
36798,Bird,34,281,315
36798,Mammal,4,97,101
36798,Reptile,5,55,60
36798,fw_fish,26,54,80
36799,Amphibian,2,22,24
36799,Bird,35,281,316
36799,Mammal,4,96,100
36799,Reptile,5,54,59
36799,fw_fish,33,68,101
36800,Amphibian,1,23,24
36800,Bird,41,279,320
36800,Mammal,8,108,116
36800,Reptile,5,72,77
36800,fw_fish,37,75,112
36801,Amphibian,1,24,25
36801,Bird,43,283,326
36801,Mammal,8,104,112
36801,Reptile,6,69,75
36801,fw_fish,35,66,101
36802,Amphibian,1,24,25
36802,Bird,32,276,308
36802,Mammal,5,93,98
36802,Reptile,6,60,66
36802,fw_fish,35,66,101
36803,Amphibian,1,24,25
36803,Bird,32,274,306
36803,Mammal,4,94,98
36803,Reptile,6,61,67
36803,fw_fish,35,66,101
36804,Amphibian,1,24,25
36804,Bird,34,276,310
36804,Mammal,4,102,106
36804,Reptile,6,58,64
36804,fw_fish,35,66,101
36805,Amphibian,2,24,26
36805,Bird,45,283,328
36805,Mammal,4,99,103
36805,Reptile,6,57,63
36805,fw_fish,26,54,80
36806,Amphibian,1,24,25
36806,Bird,42,282,324
36806,Mammal,6,105,111
36806,Reptile,7,64,71
36806,fw_fish,35,66,101
36807,Amphibian,1,25,26
36807,Bird,49,292,341
36807,Mammal,7,106,113
36807,Reptile,7,65,72
36807,fw_fish,35,66,101
36808,Amphibian,1,25,26
36808,Bird,50,292,342
36808,Mammal,5,103,108
36808,Reptile,6,60,66
36808,fw_fish,26,54,80
36809,Amphibian,1,26,27
36809,Bird,49,279,328
36809,Mammal,7,102,109
36809,Reptile,7,63,70
36809,fw_fish,35,66,101
36810,Amphibian,1,25,26
36810,Bird,43,280,323
36810,Mammal,7,102,109
36810,Reptile,7,62,69
36810,fw_fish,35,66,101
36811,Amphibian,1,30,31
36811,Bird,58,296,354
36811,Mammal,6,107,113
36811,Reptile,8,64,72
36811,fw_fish,35,66,101
36812,Amphibian,1,30,31
36812,Bird,55,292,347
36812,Mammal,7,106,113
36812,Reptile,7,63,70
36812,fw_fish,35,66,101
36813,Amphibian,1,30,31
36813,Bird,68,300,368
36813,Mammal,8,103,111
36813,Reptile,7,62,69
36813,fw_fish,28,56,84
36814,Amphibian,1,30,31
36814,Bird,65,301,366
36814,Mammal,8,105,113
36814,Reptile,7,62,69
36814,fw_fish,28,56,84
36815,Amphibian,1,25,26
36815,Bird,54,285,339
36815,Mammal,5,101,106
36815,Reptile,6,58,64
36815,fw_fish,26,54,80
36816,Amphibian,0,27,27
36816,Bird,63,294,357
36816,Mammal,6,106,112
36816,Reptile,7,64,71
36816,fw_fish,37,69,106
36817,Amphibian,0,33,33
36817,Bird,80,314,394
36817,Mammal,9,102,111
36817,Reptile,7,65,72
36817,fw_fish,28,57,85
36818,Amphibian,1,33,34
36818,Bird,83,310,393
36818,Mammal,9,101,110
36818,Reptile,8,64,72
36818,fw_fish,28,58,86
36819,Amphibian,1,33,34
36819,Bird,83,305,388
36819,Mammal,9,101,110
36819,Reptile,8,61,69
36819,fw_fish,28,58,86
36820,Amphibian,3,35,38
36820,Bird,95,311,406
36820,Mammal,10,105,115
36820,Reptile,10,63,73
36820,fw_fish,28,58,86
36822,Amphibian,1,25,26
36822,Bird,51,279,330
36822,Mammal,5,100,105
36822,Reptile,6,57,63
36822,fw_fish,33,69,102
36823,Amphibian,2,23,25
36823,Bird,52,279,331
36823,Mammal,4,95,99
36823,Reptile,5,53,58
36823,fw_fish,33,69,102
36824,Amphibian,2,21,23
36824,Bird,50,279,329
36824,Mammal,4,95,99
36824,Reptile,4,54,58
36824,fw_fish,7,17,24
36826,Amphibian,1,24,25
36826,Bird,62,281,343
36826,Mammal,4,95,99
36826,Reptile,6,51,57
36826,fw_fish,8,20,28
36827,Amphibian,2,23,25
36827,Bird,58,279,337
36827,Mammal,4,97,101
36827,Reptile,5,51,56
36827,fw_fish,8,20,28
36828,Amphibian,1,24,25
36828,Bird,58,273,331
36828,Mammal,5,93,98
36828,Reptile,5,52,57
36828,fw_fish,19,41,60
36829,Amphibian,1,23,24
36829,Bird,56,272,328
36829,Mammal,5,94,99
36829,Reptile,5,52,57
36829,fw_fish,19,41,60
36830,Amphibian,1,24,25
36830,Bird,58,274,332
36830,Mammal,5,94,99
36830,Reptile,5,53,58
36830,fw_fish,19,41,60
36831,Amphibian,1,26,27
36831,Bird,61,275,336
36831,Mammal,5,94,99
36831,Reptile,5,53,58
36831,fw_fish,19,41,60
36832,Amphibian,1,27,28
36832,Bird,67,284,351
36832,Mammal,6,93,99
36832,Reptile,6,53,59
36832,fw_fish,29,59,88
36833,Amphibian,1,30,31
36833,Bird,66,286,352
36833,Mammal,7,95,102
36833,Reptile,6,53,59
36833,fw_fish,28,58,86
36834,Amphibian,1,29,30
36834,Bird,73,286,359
36834,Mammal,7,95,102
36834,Reptile,8,54,62
36834,fw_fish,19,41,60
36835,Amphibian,2,24,26
36835,Bird,57,277,334
36835,Mammal,4,97,101
36835,Reptile,5,53,58
36835,fw_fish,7,17,24
36836,Amphibian,1,23,24
36836,Bird,64,274,338
36836,Mammal,4,95,99
36836,Reptile,5,52,57
36836,fw_fish,7,17,24
36837,Amphibian,1,22,23
36837,Bird,64,275,339
36837,Mammal,4,96,100
36837,Reptile,5,52,57
36837,fw_fish,7,17,24
36838,Amphibian,1,22,23
36838,Bird,68,274,342
36838,Mammal,4,93,97
36838,Reptile,5,51,56
36838,fw_fish,12,31,43
36840,Amphibian,1,28,29
36840,Bird,85,282,367
36840,Mammal,8,91,99
36840,Reptile,9,50,59
36840,fw_fish,8,20,28
36841,Amphibian,1,28,29
36841,Bird,85,282,367
36841,Mammal,8,90,98
36841,Reptile,8,53,61
36841,fw_fish,8,20,28
36842,Amphibian,2,31,33
36842,Bird,88,282,370
36842,Mammal,9,90,99
36842,Reptile,10,53,63
36842,fw_fish,19,41,60
36843,Amphibian,2,21,23
36843,Bird,54,277,331
36843,Mammal,4,99,103
36843,Reptile,5,53,58
36843,fw_fish,7,17,24
36844,Amphibian,3,19,22
36844,Bird,41,307,348
36844,Mammal,3,91,94
36844,Reptile,5,57,62
36844,fw_fish,22,48,70
36845,Amphibian,3,19,22
36845,Bird,38,307,345
36845,Mammal,3,89,92
36845,Reptile,5,55,60
36845,fw_fish,23,50,73
36846,Amphibian,3,19,22
36846,Bird,44,304,348
36846,Mammal,3,92,95
36846,Reptile,5,57,62
36846,fw_fish,22,48,70
36847,Amphibian,3,20,23
36847,Bird,47,296,343
36847,Mammal,3,86,89
36847,Reptile,5,54,59
36847,fw_fish,22,50,72
36848,Amphibian,3,19,22
36848,Bird,46,288,334
36848,Mammal,4,88,92
36848,Reptile,5,52,57
36848,fw_fish,20,44,64
36849,Amphibian,3,19,22
36849,Bird,47,285,332
36849,Mammal,4,88,92
36849,Reptile,5,51,56
36849,fw_fish,20,44,64
36850,Amphibian,3,19,22
36850,Bird,47,288,335
36850,Mammal,4,88,92
36850,Reptile,5,52,57
36850,fw_fish,21,47,68
36851,Amphibian,3,19,22
36851,Bird,40,310,350
36851,Mammal,3,87,90
36851,Reptile,5,56,61
36851,fw_fish,24,50,74
36852,Amphibian,3,19,22
36852,Bird,43,304,347
36852,Mammal,3,88,91
36852,Reptile,5,57,62
36852,fw_fish,24,50,74
36853,Amphibian,3,19,22
36853,Bird,44,299,343
36853,Mammal,3,84,87
36853,Reptile,5,53,58
36853,fw_fish,24,52,76
36854,Amphibian,3,19,22
36854,Bird,40,302,342
36854,Mammal,3,81,84
36854,Reptile,5,57,62
36854,fw_fish,21,41,62
36855,Amphibian,3,19,22
36855,Bird,36,305,341
36855,Mammal,3,77,80
36855,Reptile,5,55,60
36855,fw_fish,21,41,62
36856,Amphibian,3,20,23
36856,Bird,41,298,339
36856,Mammal,3,82,85
36856,Reptile,5,57,62
36856,fw_fish,30,56,86
36857,Amphibian,3,20,23
36857,Bird,39,299,338
36857,Mammal,3,83,86
36857,Reptile,5,53,58
36857,fw_fish,27,51,78
36858,Amphibian,3,19,22
36858,Bird,40,300,340
36858,Mammal,3,81,84
36858,Reptile,5,52,57
36858,fw_fish,27,51,78
36859,Amphibian,3,21,24
36859,Bird,50,295,345
36859,Mammal,4,84,88
36859,Reptile,5,54,59
36859,fw_fish,27,51,78
36860,Amphibian,3,21,24
36860,Bird,66,307,373
36860,Mammal,4,86,90
36860,Reptile,6,56,62
36860,fw_fish,27,51,78
36862,Amphibian,3,21,24
36862,Bird,69,305,374
36862,Mammal,5,86,91
36862,Reptile,6,54,60
36862,fw_fish,27,54,81
36863,Amphibian,3,21,24
36863,Bird,45,301,346
36863,Mammal,3,83,86
36863,Reptile,5,52,57
36863,fw_fish,27,51,78
36864,Amphibian,3,22,25
36864,Bird,61,283,344
36864,Mammal,4,85,89
36864,Reptile,5,53,58
36864,fw_fish,18,46,64
36865,Amphibian,2,22,24
36865,Bird,68,276,344
36865,Mammal,4,85,89
36865,Reptile,5,54,59
36865,fw_fish,18,46,64
36866,Amphibian,2,22,24
36866,Bird,67,278,345
36866,Mammal,4,83,87
36866,Reptile,5,54,59
36866,fw_fish,18,46,64
36867,Amphibian,2,22,24
36867,Bird,77,294,371
36867,Mammal,5,93,98
36867,Reptile,7,56,63
36867,fw_fish,18,46,64
36868,Amphibian,3,20,23
36868,Bird,40,293,333
36868,Mammal,3,81,84
36868,Reptile,5,53,58
36868,fw_fish,27,54,81
36869,Amphibian,3,20,23
36869,Bird,37,303,340
36869,Mammal,3,74,77
36869,Reptile,5,54,59
36869,fw_fish,18,33,51
36870,Amphibian,3,21,24
36870,Bird,38,297,335
36870,Mammal,3,75,78
36870,Reptile,5,54,59
36870,fw_fish,20,35,55
36871,Amphibian,3,20,23
36871,Bird,38,296,334
36871,Mammal,3,76,79
36871,Reptile,5,54,59
36871,fw_fish,22,39,61
36872,Amphibian,3,20,23
36872,Bird,38,293,331
36872,Mammal,3,76,79
36872,Reptile,5,55,60
36872,fw_fish,26,43,69
36873,Amphibian,3,21,24
36873,Bird,35,292,327
36873,Mammal,3,77,80
36873,Reptile,5,55,60
36873,fw_fish,20,35,55
36874,Amphibian,3,19,22
36874,Bird,37,287,324
36874,Mammal,3,72,75
36874,Reptile,5,55,60
36874,fw_fish,22,39,61
36875,Amphibian,3,20,23
36875,Bird,36,283,319
36875,Mammal,3,73,76
36875,Reptile,5,54,59
36875,fw_fish,22,39,61
36876,Amphibian,3,20,23
36876,Bird,37,285,322
36876,Mammal,3,72,75
36876,Reptile,5,54,59
36876,fw_fish,22,39,61
36877,Amphibian,3,20,23
36877,Bird,36,290,326
36877,Mammal,3,73,76
36877,Reptile,5,53,58
36877,fw_fish,22,41,63
36878,Amphibian,3,20,23
36878,Bird,43,295,338
36878,Mammal,3,78,81
36878,Reptile,5,52,57
36878,fw_fish,12,35,47
36879,Amphibian,3,20,23
36879,Bird,37,286,323
36879,Mammal,3,78,81
36879,Reptile,5,52,57
36879,fw_fish,12,35,47
36880,Amphibian,3,20,23
36880,Bird,36,286,322
36880,Mammal,3,76,79
36880,Reptile,5,51,56
36880,fw_fish,12,35,47
36881,Amphibian,3,20,23
36881,Bird,36,283,319
36881,Mammal,3,76,79
36881,Reptile,5,51,56
36881,fw_fish,12,35,47
36882,Amphibian,3,20,23
36882,Bird,38,282,320
36882,Mammal,3,73,76
36882,Reptile,5,51,56
36882,fw_fish,12,35,47
36883,Amphibian,3,21,24
36883,Bird,37,280,317
36883,Mammal,3,73,76
36883,Reptile,5,51,56
36883,fw_fish,12,35,47
36884,Amphibian,3,20,23
36884,Bird,39,277,316
36884,Mammal,3,70,73
36884,Reptile,5,51,56
36884,fw_fish,30,60,90
36885,Amphibian,3,20,23
36885,Bird,39,276,315
36885,Mammal,3,69,72
36885,Reptile,5,49,54
36885,fw_fish,25,55,80
36886,Amphibian,3,20,23
36886,Bird,37,279,316
36886,Mammal,3,72,75
36886,Reptile,5,54,59
36886,fw_fish,30,62,92
36887,Amphibian,3,22,25
36887,Bird,39,280,319
36887,Mammal,3,69,72
36887,Reptile,5,51,56
36887,fw_fish,12,35,47
36888,Amphibian,3,22,25
36888,Bird,39,280,319
36888,Mammal,3,69,72
36888,Reptile,5,51,56
36888,fw_fish,12,35,47
36889,Amphibian,3,20,23
36889,Bird,36,286,322
36889,Mammal,3,71,74
36889,Reptile,5,52,57
36889,fw_fish,16,31,47
36890,Amphibian,3,21,24
36890,Bird,32,283,315
36890,Mammal,3,72,75
36890,Reptile,6,52,58
36890,fw_fish,16,36,52
36891,Amphibian,3,21,24
36891,Bird,34,284,318
36891,Mammal,3,76,79
36891,Reptile,5,53,58
36891,fw_fish,17,36,53
36892,Amphibian,3,21,24
36892,Bird,34,286,320
36892,Mammal,4,74,78
36892,Reptile,6,50,56
36892,fw_fish,14,30,44
36893,Amphibian,2,19,21
36893,Bird,36,286,322
36893,Mammal,3,72,75
36893,Reptile,6,48,54
36893,fw_fish,14,30,44
36894,Amphibian,3,20,23
36894,Bird,37,280,317
36894,Mammal,3,70,73
36894,Reptile,5,54,59
36894,fw_fish,16,31,47
36895,Amphibian,3,20,23
36895,Bird,39,278,317
36895,Mammal,3,71,74
36895,Reptile,5,53,58
36895,fw_fish,16,31,47
36896,Amphibian,3,20,23
36896,Bird,40,274,314
36896,Mammal,3,67,70
36896,Reptile,5,52,57
36896,fw_fish,16,31,47
36897,Amphibian,3,21,24
36897,Bird,44,284,328
36897,Mammal,3,65,68
36897,Reptile,6,52,58
36897,fw_fish,16,31,47
36898,Amphibian,3,19,22
36898,Bird,42,289,331
36898,Mammal,3,69,72
36898,Reptile,7,52,59
36898,fw_fish,20,38,58
36899,Amphibian,2,18,20
36899,Bird,60,310,370
36899,Mammal,7,77,84
36899,Reptile,5,52,57
36899,fw_fish,14,30,44
36900,Amphibian,2,18,20
36900,Bird,57,315,372
36900,Mammal,7,83,90
36900,Reptile,6,52,58
36900,fw_fish,14,30,44
36901,Amphibian,2,20,22
36901,Bird,32,290,322
36901,Mammal,5,82,87
36901,Reptile,4,45,49
36901,fw_fish,14,30,44
36902,Amphibian,2,18,20
36902,Bird,55,317,372
36902,Mammal,7,84,91
36902,Reptile,5,50,55
36902,fw_fish,14,30,44
36903,Amphibian,2,18,20
36903,Bird,53,328,381
36903,Mammal,6,86,92
36903,Reptile,5,47,52
36903,fw_fish,15,30,45
36904,Amphibian,2,18,20
36904,Bird,55,331,386
36904,Mammal,6,88,94
36904,Reptile,5,46,51
36904,fw_fish,15,30,45
36907,Amphibian,2,18,20
36907,Bird,53,319,372
36907,Mammal,7,89,96
36907,Reptile,5,45,50
36907,fw_fish,17,34,51
36908,Amphibian,1,19,20
36908,Bird,53,326,379
36908,Mammal,7,86,93
36908,Reptile,6,43,49
36908,fw_fish,14,30,44
36909,Amphibian,1,19,20
36909,Bird,51,326,377
36909,Mammal,8,86,94
36909,Reptile,6,41,47
36909,fw_fish,14,30,44
36910,Amphibian,1,18,19
36910,Bird,53,330,383
36910,Mammal,7,86,93
36910,Reptile,5,45,50
36910,fw_fish,16,32,48
36911,Amphibian,1,19,20
36911,Bird,52,329,381
36911,Mammal,8,88,96
36911,Reptile,5,44,49
36911,fw_fish,14,30,44
36912,Amphibian,1,21,22
36912,Bird,50,321,371
36912,Mammal,8,86,94
36912,Reptile,7,44,51
36912,fw_fish,14,30,44
36913,Amphibian,1,22,23
36913,Bird,44,315,359
36913,Mammal,9,87,96
36913,Reptile,7,43,50
36913,fw_fish,14,30,44
36914,Amphibian,3,22,25
36914,Bird,42,279,321
36914,Mammal,3,69,72
36914,Reptile,5,54,59
36914,fw_fish,12,35,47
36915,Amphibian,3,22,25
36915,Bird,46,283,329
36915,Mammal,4,69,73
36915,Reptile,5,53,58
36915,fw_fish,12,35,47
36916,Amphibian,3,21,24
36916,Bird,49,285,334
36916,Mammal,4,69,73
36916,Reptile,6,55,61
36916,fw_fish,16,31,47
36917,Amphibian,3,20,23
36917,Bird,51,285,336
36917,Mammal,4,78,82
36917,Reptile,6,55,61
36917,fw_fish,16,31,47
36919,Amphibian,1,26,27
36919,Bird,100,315,415
36919,Mammal,12,92,104
36919,Reptile,13,62,75
36919,fw_fish,17,37,54
36921,Amphibian,2,21,23
36921,Bird,68,280,348
36921,Mammal,6,71,77
36921,Reptile,6,48,54
36921,fw_fish,17,42,59
36922,Amphibian,3,22,25
36922,Bird,67,278,345
36922,Mammal,6,71,77
36922,Reptile,6,48,54
36922,fw_fish,14,41,55
36923,Amphibian,2,22,24
36923,Bird,72,267,339
36923,Mammal,7,71,78
36923,Reptile,6,49,55
36923,fw_fish,14,41,55
36924,Amphibian,2,22,24
36924,Bird,72,265,337
36924,Mammal,7,74,81
36924,Reptile,6,49,55
36924,fw_fish,14,41,55
36925,Amphibian,2,23,25
36925,Bird,77,265,342
36925,Mammal,8,70,78
36925,Reptile,9,48,57
36925,fw_fish,12,35,47
36926,Amphibian,3,23,26
36926,Bird,49,289,338
36926,Mammal,4,70,74
36926,Reptile,5,54,59
36926,fw_fish,12,35,47
36927,Amphibian,3,22,25
36927,Bird,44,286,330
36927,Mammal,3,70,73
36927,Reptile,5,51,56
36927,fw_fish,12,35,47
36928,Amphibian,2,25,27
36928,Bird,81,281,362
36928,Mammal,7,89,96
36928,Reptile,6,54,60
36928,fw_fish,18,49,67
36929,Amphibian,2,23,25
36929,Bird,79,278,357
36929,Mammal,5,88,93
36929,Reptile,6,53,59
36929,fw_fish,18,46,64
36930,Amphibian,2,22,24
36930,Bird,80,267,347
36930,Mammal,5,85,90
36930,Reptile,7,52,59
36930,fw_fish,18,46,64
36931,Amphibian,2,21,23
36931,Bird,79,268,347
36931,Mammal,5,87,92
36931,Reptile,7,51,58
36931,fw_fish,18,46,64
36933,Amphibian,2,23,25
36933,Bird,80,276,356
36933,Mammal,5,86,91
36933,Reptile,7,52,59
36933,fw_fish,18,46,64
36934,Amphibian,2,23,25
36934,Bird,77,289,366
36934,Mammal,6,81,87
36934,Reptile,7,52,59
36934,fw_fish,27,51,78
36935,Amphibian,3,20,23
36935,Bird,62,278,340
36935,Mammal,5,77,82
36935,Reptile,6,53,59
36935,fw_fish,15,40,55
36936,Amphibian,2,27,29
36936,Bird,85,255,340
36936,Mammal,7,81,88
36936,Reptile,9,51,60
36936,fw_fish,20,40,60
36937,Amphibian,2,25,27
36937,Bird,85,254,339
36937,Mammal,8,80,88
36937,Reptile,10,51,61
36937,fw_fish,20,40,60
36939,Amphibian,3,27,30
36939,Bird,85,256,341
36939,Mammal,8,80,88
36939,Reptile,8,51,59
36939,fw_fish,20,40,60
36940,Amphibian,3,24,27
36940,Bird,81,260,341
36940,Mammal,8,82,90
36940,Reptile,8,53,61
36940,fw_fish,18,46,64
36941,Amphibian,3,24,27
36941,Bird,82,263,345
36941,Mammal,8,82,90
36941,Reptile,8,53,61
36941,fw_fish,18,46,64
36942,Amphibian,3,24,27
36942,Bird,81,264,345
36942,Mammal,8,81,89
36942,Reptile,8,53,61
36942,fw_fish,18,46,64
36943,Amphibian,3,25,28
36943,Bird,83,277,360
36943,Mammal,7,88,95
36943,Reptile,8,54,62
36943,fw_fish,19,46,65
36944,Amphibian,3,23,26
36944,Bird,80,263,343
36944,Mammal,7,81,88
36944,Reptile,8,53,61
36944,fw_fish,18,46,64
36945,Amphibian,2,20,22
36945,Bird,67,282,349
36945,Mammal,5,76,81
36945,Reptile,6,51,57
36945,fw_fish,27,51,78
36946,Amphibian,2,23,25
36946,Bird,77,290,367
36946,Mammal,6,81,87
36946,Reptile,6,51,57
36946,fw_fish,27,51,78
36947,Amphibian,3,30,33
36947,Bird,90,253,343
36947,Mammal,8,82,90
36947,Reptile,10,52,62
36947,fw_fish,20,40,60
36948,Amphibian,3,26,29
36948,Bird,85,259,344
36948,Mammal,8,79,87
36948,Reptile,8,52,60
36948,fw_fish,18,46,64
36949,Amphibian,3,25,28
36949,Bird,87,259,346
36949,Mammal,7,83,90
36949,Reptile,8,53,61
36949,fw_fish,56,101,157
36950,Amphibian,3,26,29
36950,Bird,82,262,344
36950,Mammal,8,78,86
36950,Reptile,7,54,61
36950,fw_fish,18,46,64
36951,Amphibian,3,24,27
36951,Bird,83,259,342
36951,Mammal,7,78,85
36951,Reptile,8,54,62
36951,fw_fish,27,51,78
36952,Amphibian,3,24,27
36952,Bird,81,265,346
36952,Mammal,7,80,87
36952,Reptile,7,54,61
36952,fw_fish,27,51,78
36953,Amphibian,3,22,25
36953,Bird,80,258,338
36953,Mammal,8,80,88
36953,Reptile,7,52,59
36953,fw_fish,27,51,78
36954,Amphibian,3,22,25
36954,Bird,80,258,338
36954,Mammal,9,78,87
36954,Reptile,7,52,59
36954,fw_fish,27,51,78
36955,Amphibian,3,22,25
36955,Bird,77,264,341
36955,Mammal,8,80,88
36955,Reptile,7,51,58
36955,fw_fish,27,51,78
36956,Amphibian,3,22,25
36956,Bird,77,263,340
36956,Mammal,8,80,88
36956,Reptile,7,51,58
36956,fw_fish,27,51,78
36957,Amphibian,3,22,25
36957,Bird,77,266,343
36957,Mammal,7,78,85
36957,Reptile,6,51,57
36957,fw_fish,27,51,78
36958,Amphibian,3,30,33
36958,Bird,89,260,349
36958,Mammal,8,79,87
36958,Reptile,11,56,67
36958,fw_fish,24,50,74
36959,Amphibian,3,25,28
36959,Bird,86,254,340
36959,Mammal,8,79,87
36959,Reptile,10,53,63
36959,fw_fish,55,99,154
36960,Amphibian,3,24,27
36960,Bird,85,255,340
36960,Mammal,8,80,88
36960,Reptile,9,52,61
36960,fw_fish,55,99,154
36961,Amphibian,3,24,27
36961,Bird,87,260,347
36961,Mammal,8,79,87
36961,Reptile,11,54,65
36961,fw_fish,54,99,153
36962,Amphibian,3,23,26
36962,Bird,82,257,339
36962,Mammal,8,76,84
36962,Reptile,9,54,63
36962,fw_fish,64,105,169
36963,Amphibian,3,23,26
36963,Bird,82,257,339
36963,Mammal,8,76,84
36963,Reptile,9,54,63
36963,fw_fish,59,101,160
36964,Amphibian,3,23,26
36964,Bird,82,257,339
36964,Mammal,9,78,87
36964,Reptile,7,52,59
36964,fw_fish,27,51,78
36965,Amphibian,3,24,27
36965,Bird,82,260,342
36965,Mammal,9,78,87
36965,Reptile,7,54,61
36965,fw_fish,27,51,78
36966,Amphibian,3,22,25
36966,Bird,81,257,338
36966,Mammal,8,75,83
36966,Reptile,7,52,59
36966,fw_fish,27,51,78
36967,Amphibian,3,22,25
36967,Bird,81,260,341
36967,Mammal,8,76,84
36967,Reptile,7,52,59
36967,fw_fish,27,51,78
36968,Amphibian,3,22,25
36968,Bird,81,261,342
36968,Mammal,8,75,83
36968,Reptile,7,50,57
36968,fw_fish,27,51,78
36969,Amphibian,3,24,27
36969,Bird,82,261,343
36969,Mammal,9,73,82
36969,Reptile,7,50,57
36969,fw_fish,27,51,78
36971,Amphibian,3,34,37
36971,Bird,94,290,384
36971,Mammal,10,96,106
36971,Reptile,11,59,70
36971,fw_fish,29,59,88
36972,Amphibian,2,29,31
36972,Bird,93,268,361
36972,Mammal,9,84,93
36972,Reptile,12,56,68
36972,fw_fish,18,46,64
36973,Amphibian,2,29,31
36973,Bird,95,265,360
36973,Mammal,9,79,88
36973,Reptile,11,55,66
36973,fw_fish,19,45,64
36974,Amphibian,2,31,33
36974,Bird,91,270,361
36974,Mammal,9,88,97
36974,Reptile,11,51,62
36974,fw_fish,19,45,64
36975,Amphibian,3,32,35
36975,Bird,92,276,368
36975,Mammal,9,90,99
36975,Reptile,11,53,64
36975,fw_fish,19,45,64
36976,Amphibian,3,33,36
36976,Bird,92,281,373
36976,Mammal,9,94,103
36976,Reptile,10,55,65
36976,fw_fish,19,45,64
36977,Amphibian,3,33,36
36977,Bird,91,291,382
36977,Mammal,10,92,102
36977,Reptile,10,56,66
36977,fw_fish,19,41,60
36978,Amphibian,3,34,37
36978,Bird,94,286,380
36978,Mammal,9,93,102
36978,Reptile,10,56,66
36978,fw_fish,19,43,62
36979,Amphibian,2,32,34
36979,Bird,98,275,373
36979,Mammal,9,89,98
36979,Reptile,13,55,68
36979,fw_fish,22,45,67
36980,Amphibian,3,33,36
36980,Bird,92,274,366
36980,Mammal,9,89,98
36980,Reptile,10,50,60
36980,fw_fish,22,45,67
36981,Amphibian,1,25,26
36981,Bird,83,269,352
36981,Mammal,7,85,92
36981,Reptile,6,50,56
36981,fw_fish,12,31,43
36982,Amphibian,1,26,27
36982,Bird,83,268,351
36982,Mammal,7,86,93
36982,Reptile,8,52,60
36982,fw_fish,12,31,43
36983,Amphibian,2,29,31
36983,Bird,91,271,362
36983,Mammal,9,86,95
36983,Reptile,10,50,60
36983,fw_fish,13,31,44
36984,Amphibian,4,64,68
36984,Bird,184,491,675
36984,Bird,0,2,2
36984,Mammal,8,84,92
36984,Mammal,9,83,92
36984,Reptile,10,49,59
36984,fw_fish,20,37,57
36986,Amphibian,2,30,32
36986,Bird,91,250,341
36986,Mammal,8,80,88
36986,Reptile,10,50,60
36986,fw_fish,20,40,60
36987,Amphibian,2,29,31
36987,Bird,90,255,345
36987,Mammal,9,78,87
36987,Reptile,12,54,66
36987,fw_fish,20,40,60
36988,Amphibian,2,31,33
36988,Bird,91,261,352
36988,Mammal,9,83,92
36988,Reptile,12,55,67
36988,fw_fish,21,42,63
36989,Amphibian,2,30,32
36989,Bird,95,262,357
36989,Mammal,9,78,87
36989,Reptile,12,57,69
36989,fw_fish,21,42,63
36990,Amphibian,0,27,27
36990,Bird,70,302,372
36990,Mammal,7,97,104
36990,Reptile,6,69,75
36990,fw_fish,24,56,80
36991,Amphibian,2,32,34
36991,Bird,87,301,388
36991,Mammal,8,88,96
36991,Reptile,8,65,73
36991,fw_fish,41,76,117
36992,Amphibian,2,30,32
36992,Bird,88,289,377
36992,Mammal,9,96,105
36992,Reptile,8,59,67
36992,fw_fish,28,58,86
36993,Amphibian,2,32,34
36993,Bird,87,284,371
36993,Mammal,9,92,101
36993,Reptile,9,58,67
36993,fw_fish,28,58,86
36994,Amphibian,2,28,30
36994,Bird,89,256,345
36994,Mammal,9,75,84
36994,Reptile,12,57,69
36994,fw_fish,53,98,151
36995,Amphibian,2,28,30
36995,Bird,89,254,343
36995,Mammal,7,69,76
36995,Reptile,12,58,70
36995,fw_fish,52,97,149
36996,Amphibian,2,29,31
36996,Bird,88,257,345
36996,Mammal,8,77,85
36996,Reptile,12,56,68
36996,fw_fish,24,53,77
36997,Amphibian,4,26,30
36997,Bird,85,249,334
36997,Mammal,8,77,85
36997,Reptile,11,53,64
36997,fw_fish,54,99,153
36998,Amphibian,4,26,30
36998,Bird,88,257,345
36998,Mammal,10,78,88
36998,Reptile,11,56,67
36998,fw_fish,62,103,165
36999,Amphibian,4,27,31
36999,Bird,87,248,335
36999,Mammal,10,73,83
36999,Reptile,12,58,70
36999,fw_fish,42,77,119
37000,Amphibian,3,28,31
37000,Bird,85,244,329
37000,Mammal,7,65,72
37000,Reptile,13,60,73
37000,fw_fish,59,101,160
37001,Amphibian,4,29,33
37001,Bird,87,256,343
37001,Mammal,12,72,84
37001,Reptile,13,61,74
37001,fw_fish,62,103,165
37002,Amphibian,4,29,33
37002,Bird,91,253,344
37002,Mammal,9,67,76
37002,Reptile,13,61,74
37002,fw_fish,62,105,167
37003,Amphibian,4,30,34
37003,Bird,90,251,341
37003,Mammal,10,70,80
37003,Reptile,13,62,75
37003,fw_fish,58,101,159
37004,Amphibian,4,25,29
37004,Bird,89,248,337
37004,Mammal,10,73,83
37004,Reptile,11,59,70
37004,fw_fish,46,81,127
37005,Amphibian,4,30,34
37005,Bird,89,246,335
37005,Mammal,10,71,81
37005,Reptile,14,59,73
37005,fw_fish,47,85,132
37006,Amphibian,4,27,31
37006,Bird,86,250,336
37006,Mammal,10,79,89
37006,Reptile,10,54,64
37006,fw_fish,47,85,132
37007,Amphibian,3,26,29
37007,Bird,83,255,338
37007,Mammal,11,76,87
37007,Reptile,9,49,58
37007,fw_fish,47,85,132
37009,Amphibian,4,37,41
37009,Bird,106,287,393
37009,Mammal,12,99,111
37009,Reptile,16,60,76
37009,fw_fish,18,37,55
37010,Amphibian,5,45,50
37010,Bird,116,302,418
37010,Mammal,14,105,119
37010,Reptile,17,65,82
37010,fw_fish,26,68,94
37012,Amphibian,5,35,40
37012,Bird,101,261,362
37012,Mammal,13,90,103
37012,Reptile,15,58,73
37012,fw_fish,21,61,82
37013,Amphibian,6,57,63
37013,Bird,119,308,427
37013,Mammal,15,108,123
37013,Reptile,20,63,83
37013,fw_fish,30,70,100
37014,Amphibian,6,45,51
37014,Bird,112,273,385
37014,Mammal,15,99,114
37014,Reptile,18,61,79
37014,fw_fish,24,58,82
37015,Amphibian,4,32,36
37015,Bird,95,248,343
37015,Mammal,13,84,97
37015,Reptile,14,58,72
37015,fw_fish,21,61,82
37016,Amphibian,6,42,48
37016,Bird,106,257,363
37016,Mammal,15,90,105
37016,Reptile,16,60,76
37016,fw_fish,36,75,111
37017,Amphibian,6,40,46
37017,Bird,106,255,361
37017,Mammal,14,89,103
37017,Reptile,16,59,75
37017,fw_fish,21,61,82
37018,Amphibian,5,30,35
37018,Bird,93,245,338
37018,Mammal,13,80,93
37018,Reptile,14,58,72
37018,fw_fish,27,65,92
37019,Amphibian,4,28,32
37019,Bird,88,244,332
37019,Mammal,11,79,90
37019,Reptile,13,57,70
37019,fw_fish,23,62,85
37020,Amphibian,4,28,32
37020,Bird,88,245,333
37020,Mammal,11,79,90
37020,Reptile,12,57,69
37020,fw_fish,23,62,85
37021,Amphibian,4,30,34
37021,Bird,92,253,345
37021,Mammal,13,84,97
37021,Reptile,12,57,69
37021,fw_fish,21,61,82
37022,Amphibian,4,27,31
37022,Bird,87,250,337
37022,Mammal,11,78,89
37022,Reptile,10,55,65
37022,fw_fish,23,62,85
37023,Amphibian,4,28,32
37023,Bird,87,248,335
37023,Mammal,10,80,90
37023,Reptile,12,56,68
37023,fw_fish,23,62,85
37024,Amphibian,4,28,32
37024,Bird,86,252,338
37024,Mammal,11,78,89
37024,Reptile,10,54,64
37024,fw_fish,23,62,85
37025,Amphibian,4,28,32
37025,Bird,84,252,336
37025,Mammal,11,78,89
37025,Reptile,9,54,63
37025,fw_fish,23,62,85
37026,Amphibian,3,26,29
37026,Bird,84,257,341
37026,Mammal,11,76,87
37026,Reptile,9,47,56
37026,fw_fish,15,40,55
37027,Amphibian,4,30,34
37027,Bird,97,260,357
37027,Mammal,13,81,94
37027,Reptile,15,61,76
37027,fw_fish,33,76,109
37028,Amphibian,4,28,32
37028,Bird,92,243,335
37028,Mammal,10,72,82
37028,Reptile,14,59,73
37028,fw_fish,47,84,131
37029,Amphibian,3,28,31
37029,Bird,84,242,326
37029,Mammal,8,65,73
37029,Reptile,13,60,73
37029,fw_fish,59,101,160
37030,Amphibian,3,27,30
37030,Bird,87,245,332
37030,Mammal,10,66,76
37030,Reptile,13,61,74
37030,fw_fish,42,77,119
37031,Amphibian,3,26,29
37031,Bird,89,241,330
37031,Mammal,9,66,75
37031,Reptile,13,60,73
37031,fw_fish,62,107,169
37032,Amphibian,3,26,29
37032,Bird,87,240,327
37032,Mammal,10,65,75
37032,Reptile,13,60,73
37032,fw_fish,59,103,162
37033,Amphibian,5,29,34
37033,Bird,90,244,334
37033,Mammal,10,71,81
37033,Reptile,14,59,73
37033,fw_fish,47,84,131
37034,Amphibian,2,26,28
37034,Bird,86,240,326
37034,Mammal,7,64,71
37034,Reptile,12,59,71
37034,fw_fish,56,103,159
37035,Amphibian,2,26,28
37035,Bird,85,241,326
37035,Mammal,7,64,71
37035,Reptile,12,59,71
37035,fw_fish,49,97,146
37036,Amphibian,0,23,23
37036,Bird,55,275,330
37036,Mammal,6,98,104
37036,Reptile,6,70,76
37036,fw_fish,23,53,76
37037,Amphibian,0,23,23
37037,Bird,60,280,340
37037,Mammal,7,98,105
37037,Reptile,5,71,76
37037,fw_fish,23,53,76
37038,Amphibian,1,23,24
37038,Bird,41,270,311
37038,Mammal,8,101,109
37038,Reptile,4,66,70
37038,fw_fish,36,70,106
37039,Amphibian,0,23,23
37039,Bird,53,276,329
37039,Mammal,7,103,110
37039,Reptile,7,69,76
37039,fw_fish,23,53,76
37119,Amphibian,0,23,23
37119,Bird,43,289,332
37119,Mammal,8,115,123
37119,Reptile,7,74,81
37119,fw_fish,13,41,54
37121,Amphibian,0,28,28
37121,Bird,63,308,371
37121,Mammal,7,113,120
37121,Reptile,9,87,96
37121,fw_fish,16,59,75
37122,Amphibian,0,25,25
37122,Bird,63,302,365
37122,Mammal,7,106,113
37122,Reptile,7,75,82
37122,fw_fish,16,57,73
37123,Amphibian,0,23,23
37123,Bird,49,283,332
37123,Mammal,8,111,119
37123,Reptile,5,73,78
37123,fw_fish,20,66,86
37124,Amphibian,2,22,24
37124,Bird,35,295,330
37124,Mammal,7,110,117
37124,Reptile,6,73,79
37124,fw_fish,11,40,51
37125,Amphibian,2,22,24
37125,Bird,32,289,321
37125,Mammal,7,108,115
37125,Reptile,3,67,70
37125,fw_fish,13,41,54
37126,Amphibian,0,23,23
37126,Bird,55,292,347
37126,Mammal,7,103,110
37126,Reptile,5,72,77
37126,fw_fish,20,65,85
37128,Amphibian,0,32,32
37128,Bird,54,306,360
37128,Mammal,9,115,124
37128,Reptile,10,88,98
37128,fw_fish,23,80,103
37129,Amphibian,1,32,33
37129,Bird,43,306,349
37129,Mammal,10,128,138
37129,Reptile,10,88,98
37129,fw_fish,15,54,69
37130,Amphibian,0,23,23
37130,Bird,45,288,333
37130,Mammal,8,116,124
37130,Reptile,7,76,83
37130,fw_fish,14,42,56
37131,Amphibian,0,31,31
37131,Bird,52,310,362
37131,Mammal,10,117,127
37131,Reptile,11,86,97
37131,fw_fish,24,64,88
37132,Amphibian,4,34,38
37132,Bird,71,389,460
37132,Mammal,8,141,149
37132,Reptile,11,99,110
37132,fw_fish,30,85,115
37133,Amphibian,4,23,27
37133,Bird,27,315,342
37133,Mammal,3,96,99
37133,Reptile,3,58,61
37133,fw_fish,20,44,64
37134,Amphibian,1,22,23
37134,Bird,38,288,326
37134,Mammal,9,117,126
37134,Reptile,5,70,75
37134,fw_fish,13,41,54
37136,Amphibian,3,20,23
37136,Bird,31,292,323
37136,Mammal,7,105,112
37136,Reptile,2,68,70
37136,fw_fish,15,41,56
37137,Amphibian,4,23,27
37137,Bird,30,308,338
37137,Mammal,3,100,103
37137,Reptile,2,58,60
37137,fw_fish,16,40,56
37144,Amphibian,0,23,23
37144,Bird,58,296,354
37144,Mammal,7,107,114
37144,Reptile,5,73,78
37144,fw_fish,16,57,73
37146,Amphibian,3,20,23
37146,Bird,29,295,324
37146,Mammal,6,104,110
37146,Reptile,2,65,67
37146,fw_fish,15,39,54
37147,Amphibian,0,26,26
37147,Bird,67,315,382
37147,Mammal,8,105,113
37147,Reptile,9,79,88
37147,fw_fish,17,59,76
37148,Amphibian,0,26,26
37148,Bird,63,302,365
37148,Mammal,7,107,114
37148,Reptile,7,77,84
37148,fw_fish,16,57,73
37149,Amphibian,0,23,23
37149,Bird,62,301,363
37149,Mammal,6,92,98
37149,Reptile,5,68,73
37149,fw_fish,16,57,73
37151,Amphibian,3,20,23
37151,Bird,30,301,331
37151,Mammal,6,101,107
37151,Reptile,2,67,69
37151,fw_fish,16,48,64
37152,Amphibian,3,20,23
37152,Bird,32,292,324
37152,Mammal,6,105,111
37152,Reptile,3,67,70
37152,fw_fish,22,56,78
37153,Amphibian,4,22,26
37153,Bird,30,300,330
37153,Mammal,5,101,106
37153,Reptile,2,61,63
37153,fw_fish,15,39,54
37154,Amphibian,0,35,35
37154,Bird,61,304,365
37154,Mammal,9,117,126
37154,Reptile,9,86,95
37154,fw_fish,23,80,103
37155,Amphibian,0,26,26
37155,Bird,65,307,372
37155,Mammal,7,105,112
37155,Reptile,8,77,85
37155,fw_fish,16,57,73
37156,Amphibian,4,22,26
37156,Bird,30,306,336
37156,Mammal,4,100,104
37156,Reptile,2,60,62
37156,fw_fish,15,39,54
37159,Amphibian,0,35,35
37159,Bird,62,312,374
37159,Mammal,10,117,127
37159,Reptile,9,87,96
37159,fw_fish,21,75,96
37160,Amphibian,4,22,26
37160,Bird,30,307,337
37160,Mammal,4,100,104
37160,Reptile,2,60,62
37160,fw_fish,15,39,54
37164,Amphibian,4,24,28
37164,Bird,31,309,340
37164,Mammal,3,99,102
37164,Reptile,3,57,60
37164,fw_fish,15,36,51
37169,Amphibian,0,23,23
37169,Bird,56,285,341
37169,Mammal,7,88,95
37169,Reptile,5,67,72
37169,fw_fish,20,65,85
37170,Amphibian,4,22,26
37170,Bird,29,310,339
37170,Mammal,6,98,104
37170,Reptile,2,62,64
37170,fw_fish,20,48,68
37172,Amphibian,4,23,27
37172,Bird,30,302,332
37172,Mammal,3,100,103
37172,Reptile,2,58,60
37172,fw_fish,15,36,51
37173,Amphibian,4,22,26
37173,Bird,30,301,331
37173,Mammal,3,99,102
37173,Reptile,2,60,62
37173,fw_fish,15,36,51
37176,Amphibian,2,22,24
37176,Bird,36,292,328
37176,Mammal,7,110,117
37176,Reptile,4,73,77
37176,fw_fish,11,40,51
37179,Amphibian,0,23,23
37179,Bird,52,284,336
37179,Mammal,8,109,117
37179,Reptile,5,74,79
37179,fw_fish,20,66,86
37180,Amphibian,2,23,25
37180,Bird,38,295,333
37180,Mammal,8,115,123
37180,Reptile,8,74,82
37180,fw_fish,11,40,51
37181,Amphibian,0,23,23
37181,Bird,52,286,338
37181,Mammal,7,104,111
37181,Reptile,5,71,76
37181,fw_fish,20,65,85
37182,Amphibian,0,23,23
37182,Bird,51,285,336
37182,Mammal,7,103,110
37182,Reptile,6,71,77
37182,fw_fish,20,65,85
39873,Amphibian,4,29,33
39873,Bird,87,256,343
39873,Mammal,12,72,84
39873,Reptile,13,61,74
39873,fw_fish,62,103,165
40672,Amphibian,0,40,40
40672,Bird,96,275,371
40672,Mammal,15,124,139
40672,Reptile,10,69,79
40672,fw_fish,14,68,82
40673,Amphibian,0,42,42
40673,Bird,92,267,359
40673,Mammal,15,123,138
40673,Reptile,9,65,74
40673,fw_fish,14,68,82
40674,Amphibian,1,41,42
40674,Bird,95,276,371
40674,Mammal,15,128,143
40674,Reptile,8,67,75
40674,fw_fish,14,68,82
40675,Amphibian,1,41,42
40675,Bird,95,267,362
40675,Mammal,15,126,141
40675,Reptile,9,65,74
40675,fw_fish,14,68,82
40676,Amphibian,1,42,43
40676,Bird,97,277,374
40676,Mammal,15,125,140
40676,Reptile,10,70,80
40676,fw_fish,14,68,82
40677,Amphibian,0,38,38
40677,Bird,94,261,355
40677,Mammal,15,118,133
40677,Reptile,10,68,78
40677,fw_fish,14,68,82
40678,Amphibian,2,48,50
40678,Bird,99,301,400
40678,Mammal,15,131,146
40678,Reptile,12,77,89
40678,fw_fish,16,87,103
40679,Amphibian,0,41,41
40679,Bird,91,276,367
40679,Mammal,14,126,140
40679,Reptile,8,63,71
40679,fw_fish,14,68,82
40680,Amphibian,0,39,39
40680,Bird,96,273,369
40680,Mammal,15,121,136
40680,Reptile,10,70,80
40680,fw_fish,14,68,82
40682,Amphibian,0,40,40
40682,Bird,96,276,372
40682,Mammal,15,121,136
40682,Reptile,10,71,81
40682,fw_fish,14,68,82
40683,Amphibian,0,41,41
40683,Bird,97,276,373
40683,Mammal,15,123,138
40683,Reptile,11,72,83
40683,fw_fish,14,68,82
40684,Amphibian,1,40,41
40684,Bird,97,276,373
40684,Mammal,15,126,141
40684,Reptile,10,67,77
40684,fw_fish,14,68,82
40685,Amphibian,0,40,40
40685,Bird,93,267,360
40685,Mammal,15,121,136
40685,Reptile,10,67,77
40685,fw_fish,14,68,82
40686,Amphibian,0,40,40
40686,Bird,97,275,372
40686,Mammal,15,124,139
40686,Reptile,10,70,80
40686,fw_fish,14,68,82
40687,Amphibian,0,40,40
40687,Bird,96,277,373
40687,Mammal,15,123,138
40687,Reptile,10,71,81
40687,fw_fish,14,68,82
40688,Amphibian,1,42,43
40688,Bird,96,268,364
40688,Mammal,15,124,139
40688,Reptile,9,64,73
40688,fw_fish,14,68,82
40689,Amphibian,0,39,39
40689,Bird,94,260,354
40689,Mammal,15,118,133
40689,Reptile,10,68,78
40689,fw_fish,14,68,82
40690,Amphibian,0,39,39
40690,Bird,95,265,360
40690,Mammal,15,119,134
40690,Reptile,10,68,78
40690,fw_fish,14,68,82
40691,Amphibian,1,37,38
40691,Bird,96,281,377
40691,Mammal,14,114,128
40691,Reptile,12,73,85
40691,fw_fish,7,48,55
40698,Amphibian,1,35,36
40698,Bird,97,282,379
40698,Mammal,14,112,126
40698,Reptile,12,73,85
40698,fw_fish,7,48,55
40699,Amphibian,1,39,40
40699,Bird,97,287,384
40699,Mammal,15,114,129
40699,Reptile,12,74,86
40699,fw_fish,16,75,91
40700,Amphibian,1,35,36
40700,Bird,98,283,381
40700,Mammal,12,110,122
40700,Reptile,12,75,87
40700,fw_fish,7,48,55
40730,Amphibian,1,39,40
40730,Bird,96,276,372
40730,Mammal,15,120,135
40730,Reptile,11,75,86
40730,fw_fish,14,72,86
40731,Amphibian,1,33,34
40731,Bird,94,274,368
40731,Mammal,13,108,121
40731,Reptile,12,72,84
40731,fw_fish,5,46,51
40734,Amphibian,1,36,37
40734,Bird,96,283,379
40734,Mammal,15,117,132
40734,Reptile,12,74,86
40734,fw_fish,16,75,91
40735,Amphibian,1,39,40
40735,Bird,95,270,365
40735,Mammal,15,116,131
40735,Reptile,11,70,81
40735,fw_fish,14,68,82
40737,Amphibian,0,32,32
40737,Bird,90,301,391
40737,Mammal,11,117,128
40737,Reptile,12,75,87
40737,fw_fish,6,47,53
40739,Amphibian,1,38,39
40739,Bird,99,283,382
40739,Mammal,15,112,127
40739,Reptile,13,72,85
40739,fw_fish,14,73,87
40740,Amphibian,1,36,37
40740,Bird,97,282,379
40740,Mammal,14,113,127
40740,Reptile,12,75,87
40740,fw_fish,7,48,55
40741,Amphibian,1,36,37
40741,Bird,97,283,380
40741,Mammal,15,117,132
40741,Reptile,12,75,87
40741,fw_fish,7,48,55
40747,Amphibian,0,33,33
40747,Bird,69,264,333
40747,Mammal,11,125,136
40747,Reptile,6,64,70
40747,fw_fish,10,65,75
40748,Amphibian,0,31,31
40748,Bird,73,267,340
40748,Mammal,11,123,134
40748,Reptile,6,62,68
40748,fw_fish,10,63,73
40749,Amphibian,0,32,32
40749,Bird,72,268,340
40749,Mammal,10,128,138
40749,Reptile,7,65,72
40749,fw_fish,11,75,86
40752,Amphibian,0,31,31
40752,Bird,80,274,354
40752,Mammal,12,131,143
40752,Reptile,7,68,75
40752,fw_fish,11,75,86
40753,Amphibian,0,32,32
40753,Bird,82,266,348
40753,Mammal,12,133,145
40753,Reptile,6,65,71
40753,fw_fish,11,75,86
40754,Amphibian,0,35,35
40754,Bird,90,271,361
40754,Mammal,14,129,143
40754,Reptile,7,64,71
40754,fw_fish,11,75,86
40755,Amphibian,0,33,33
40755,Bird,76,272,348
40755,Mammal,11,126,137
40755,Reptile,7,63,70
40755,fw_fish,10,65,75
40756,Amphibian,0,37,37
40756,Bird,87,276,363
40756,Mammal,13,132,145
40756,Reptile,7,65,72
40756,fw_fish,10,65,75
40757,Amphibian,0,30,30
40757,Bird,79,262,341
40757,Mammal,12,129,141
40757,Reptile,7,65,72
40757,fw_fish,10,65,75
40758,Amphibian,0,29,29
40758,Bird,75,267,342
40758,Mammal,10,131,141
40758,Reptile,7,63,70
40758,fw_fish,9,74,83
40759,Amphibian,1,28,29
40759,Bird,63,275,338
40759,Mammal,10,128,138
40759,Reptile,5,63,68
40759,fw_fish,11,78,89
40760,Amphibian,0,36,36
40760,Bird,85,272,357
40760,Mammal,13,134,147
40760,Reptile,7,65,72
40760,fw_fish,9,70,79
40762,Amphibian,0,39,39
40762,Bird,89,276,365
40762,Mammal,14,128,142
40762,Reptile,8,61,69
40762,fw_fish,14,68,82
40764,Amphibian,0,38,38
40764,Bird,93,292,385
40764,Mammal,14,132,146
40764,Reptile,8,69,77
40764,fw_fish,16,82,98
40765,Amphibian,0,33,33
40765,Bird,81,276,357
40765,Mammal,11,126,137
40765,Reptile,7,61,68
40765,fw_fish,16,80,96
40766,Amphibian,0,32,32
40766,Bird,70,277,347
40766,Mammal,11,127,138
40766,Reptile,7,61,68
40766,fw_fish,11,48,59
40767,Amphibian,0,24,24
40767,Bird,60,278,338
40767,Mammal,10,130,140
40767,Reptile,6,59,65
40767,fw_fish,11,48,59
40768,Amphibian,0,46,46
40768,Bird,101,365,466
40768,Mammal,15,151,166
40768,Reptile,14,95,109
40768,fw_fish,27,95,122
40769,Amphibian,0,29,29
40769,Bird,61,275,336
40769,Mammal,10,123,133
40769,Reptile,5,59,64
40769,fw_fish,24,87,111
40770,Amphibian,0,26,26
40770,Bird,59,276,335
40770,Mammal,10,127,137
40770,Reptile,4,59,63
40770,fw_fish,24,87,111
40771,Amphibian,0,30,30
40771,Bird,69,270,339
40771,Mammal,11,122,133
40771,Reptile,7,61,68
40771,fw_fish,14,68,82
40772,Amphibian,0,31,31
40772,Bird,70,271,341
40772,Mammal,11,121,132
40772,Reptile,7,62,69
40772,fw_fish,16,80,96
40773,Amphibian,0,27,27
40773,Bird,61,284,345
40773,Mammal,10,128,138
40773,Reptile,6,61,67
40773,fw_fish,20,55,75
40774,Amphibian,0,30,30
40774,Bird,71,279,350
40774,Mammal,11,130,141
40774,Reptile,7,64,71
40774,fw_fish,11,48,59
40775,Amphibian,0,31,31
40775,Bird,71,276,347
40775,Mammal,11,124,135
40775,Reptile,7,64,71
40775,fw_fish,14,68,82
40776,Amphibian,0,33,33
40776,Bird,71,276,347
40776,Mammal,11,122,133
40776,Reptile,6,59,65
40776,fw_fish,24,85,109
40777,Amphibian,0,27,27
40777,Bird,61,275,336
40777,Mammal,10,126,136
40777,Reptile,5,60,65
40777,fw_fish,10,65,75
40778,Amphibian,0,32,32
40778,Bird,75,274,349
40778,Mammal,11,125,136
40778,Reptile,7,65,72
40778,fw_fish,21,87,108
40779,Amphibian,0,32,32
40779,Bird,78,279,357
40779,Mammal,11,127,138
40779,Reptile,7,65,72
40779,fw_fish,11,48,59
40780,Amphibian,0,33,33
40780,Bird,69,283,352
40780,Mammal,11,123,134
40780,Reptile,6,61,67
40780,fw_fish,28,99,127
40781,Amphibian,0,30,30
40781,Bird,76,283,359
40781,Mammal,12,141,153
40781,Reptile,6,76,82
40781,fw_fish,11,48,59
40782,Amphibian,0,35,35
40782,Bird,94,291,385
40782,Mammal,14,136,150
40782,Reptile,9,75,84
40782,fw_fish,14,68,82
40783,Amphibian,0,32,32
40783,Bird,91,287,378
40783,Mammal,13,137,150
40783,Reptile,9,71,80
40783,fw_fish,14,68,82
40784,Amphibian,0,30,30
40784,Bird,90,286,376
40784,Mammal,12,134,146
40784,Reptile,9,72,81
40784,fw_fish,14,68,82
40785,Amphibian,0,30,30
40785,Bird,70,285,355
40785,Mammal,12,144,156
40785,Reptile,7,76,83
40785,fw_fish,29,83,112
40786,Amphibian,0,30,30
40786,Bird,84,297,381
40786,Mammal,13,143,156
40786,Reptile,7,74,81
40786,fw_fish,11,48,59
40787,Amphibian,0,30,30
40787,Bird,90,286,376
40787,Mammal,13,136,149
40787,Reptile,7,70,77
40787,fw_fish,21,87,108
40788,Amphibian,0,34,34
40788,Bird,96,324,420
40788,Mammal,13,140,153
40788,Reptile,12,82,94
40788,fw_fish,21,93,114
40789,Amphibian,0,30,30
40789,Bird,71,292,363
40789,Mammal,11,140,151
40789,Reptile,6,79,85
40789,fw_fish,29,83,112
40790,Amphibian,0,31,31
40790,Bird,87,299,386
40790,Mammal,12,139,151
40790,Reptile,9,77,86
40790,fw_fish,11,48,59
40791,Amphibian,0,30,30
40791,Bird,87,292,379
40791,Mammal,12,137,149
40791,Reptile,7,74,81
40791,fw_fish,11,48,59
40792,Amphibian,0,37,37
40792,Bird,96,288,384
40792,Mammal,15,130,145
40792,Reptile,9,70,79
40792,fw_fish,14,68,82
40793,Amphibian,0,36,36
40793,Bird,93,277,370
40793,Mammal,14,132,146
40793,Reptile,9,70,79
40793,fw_fish,14,68,82
40794,Amphibian,0,37,37
40794,Bird,95,279,374
40794,Mammal,14,129,143
40794,Reptile,9,70,79
40794,fw_fish,14,68,82
40795,Amphibian,0,36,36
40795,Bird,96,284,380
40795,Mammal,14,129,143
40795,Reptile,9,69,78
40795,fw_fish,14,68,82
40796,Amphibian,1,37,38
40796,Bird,97,282,379
40796,Mammal,15,118,133
40796,Reptile,12,74,86
40796,fw_fish,16,74,90
40797,Amphibian,0,38,38
40797,Bird,96,277,373
40797,Mammal,15,120,135
40797,Reptile,10,71,81
40797,fw_fish,14,68,82
40798,Amphibian,0,37,37
40798,Bird,96,277,373
40798,Mammal,15,119,134
40798,Reptile,10,72,82
40798,fw_fish,14,68,82
40799,Amphibian,0,35,35
40799,Bird,97,283,380
40799,Mammal,13,122,135
40799,Reptile,12,75,87
40799,fw_fish,16,75,91
40800,Amphibian,0,35,35
40800,Bird,95,282,377
40800,Mammal,13,123,136
40800,Reptile,12,74,86
40800,fw_fish,15,74,89
40803,Amphibian,0,35,35
40803,Bird,94,283,377
40803,Mammal,14,134,148
40803,Reptile,9,71,80
40803,fw_fish,14,68,82
40804,Amphibian,0,34,34
40804,Bird,93,283,376
40804,Mammal,13,135,148
40804,Reptile,8,72,80
40804,fw_fish,14,68,82
40806,Amphibian,0,38,38
40806,Bird,96,284,380
40806,Mammal,15,129,144
40806,Reptile,9,70,79
40806,fw_fish,14,68,82
40807,Amphibian,0,37,37
40807,Bird,96,287,383
40807,Mammal,15,129,144
40807,Reptile,10,69,79
40807,fw_fish,14,68,82
40808,Amphibian,0,35,35
40808,Bird,98,283,381
40808,Mammal,13,120,133
40808,Reptile,12,74,86
40808,fw_fish,16,74,90
40809,Amphibian,0,38,38
40809,Bird,96,282,378
40809,Mammal,15,127,142
40809,Reptile,10,69,79
40809,fw_fish,14,68,82
40810,Amphibian,0,39,39
40810,Bird,96,275,371
40810,Mammal,15,122,137
40810,Reptile,10,70,80
40810,fw_fish,14,68,82
40811,Amphibian,1,38,39
40811,Bird,92,272,364
40811,Mammal,15,125,140
40811,Reptile,10,65,75
40811,fw_fish,9,81,90
40812,Amphibian,0,35,35
40812,Bird,89,283,372
40812,Mammal,14,134,148
40812,Reptile,7,67,74
40812,fw_fish,9,78,87
40814,Amphibian,1,38,39
40814,Bird,92,265,357
40814,Mammal,15,122,137
40814,Reptile,10,67,77
40814,fw_fish,9,73,82
40816,Amphibian,0,35,35
40816,Bird,84,276,360
40816,Mammal,13,131,144
40816,Reptile,7,66,73
40816,fw_fish,8,69,77
40817,Amphibian,0,41,41
40817,Bird,92,277,369
40817,Mammal,15,130,145
40817,Reptile,9,66,75
40817,fw_fish,11,75,86
40818,Amphibian,1,39,40
40818,Bird,92,263,355
40818,Mammal,15,122,137
40818,Reptile,10,69,79
40818,fw_fish,10,65,75
40820,Amphibian,1,39,40
40820,Bird,91,267,358
40820,Mammal,15,125,140
40820,Reptile,10,68,78
40820,fw_fish,11,76,87
40821,Amphibian,0,35,35
40821,Bird,91,269,360
40821,Mammal,14,124,138
40821,Reptile,8,60,68
40821,fw_fish,8,69,77
40822,Amphibian,1,39,40
40822,Bird,92,265,357
40822,Mammal,15,119,134
40822,Reptile,10,69,79
40822,fw_fish,10,66,76
40823,Amphibian,0,37,37
40823,Bird,90,264,354
40823,Mammal,15,125,140
40823,Reptile,9,65,74
40823,fw_fish,11,75,86
40824,Amphibian,0,37,37
40824,Bird,92,267,359
40824,Mammal,15,125,140
40824,Reptile,9,64,73
40824,fw_fish,10,68,78
40825,Amphibian,0,36,36
40825,Bird,92,263,355
40825,Mammal,15,124,139
40825,Reptile,9,64,73
40825,fw_fish,10,65,75
40826,Amphibian,1,46,47
40826,Bird,98,264,362
40826,Mammal,15,115,130
40826,Reptile,14,67,81
40826,fw_fish,10,73,83
40827,Amphibian,1,39,40
40827,Bird,98,272,370
40827,Mammal,15,113,128
40827,Reptile,13,69,82
40827,fw_fish,7,55,62
40828,Amphibian,1,38,39
40828,Bird,90,245,335
40828,Mammal,13,109,122
40828,Reptile,13,70,83
40828,fw_fish,6,52,58
40829,Amphibian,1,44,45
40829,Bird,98,263,361
40829,Mammal,15,115,130
40829,Reptile,13,69,82
40829,fw_fish,7,56,63
40830,Amphibian,1,39,40
40830,Bird,97,254,351
40830,Mammal,14,112,126
40830,Reptile,13,68,81
40830,fw_fish,7,58,65
40831,Amphibian,1,40,41
40831,Bird,98,261,359
40831,Mammal,15,113,128
40831,Reptile,13,69,82
40831,fw_fish,7,56,63
40832,Amphibian,1,39,40
40832,Bird,98,261,359
40832,Mammal,15,110,125
40832,Reptile,13,69,82
40832,fw_fish,7,56,63
40834,Amphibian,1,43,44
40834,Bird,94,263,357
40834,Mammal,15,118,133
40834,Reptile,11,67,78
40834,fw_fish,10,69,79
40835,Amphibian,1,40,41
40835,Bird,92,264,356
40835,Mammal,15,120,135
40835,Reptile,11,67,78
40835,fw_fish,11,79,90
40836,Amphibian,1,39,40
40836,Bird,91,261,352
40836,Mammal,15,118,133
40836,Reptile,10,65,75
40836,fw_fish,10,66,76
40838,Amphibian,1,42,43
40838,Bird,95,258,353
40838,Mammal,15,113,128
40838,Reptile,11,69,80
40838,fw_fish,7,56,63
40839,Amphibian,1,39,40
40839,Bird,92,257,349
40839,Mammal,15,118,133
40839,Reptile,11,68,79
40839,fw_fish,10,69,79
40840,Amphibian,1,39,40
40840,Bird,92,262,354
40840,Mammal,15,122,137
40840,Reptile,10,66,76
40840,fw_fish,11,78,89
40841,Amphibian,1,41,42
40841,Bird,95,262,357
40841,Mammal,15,116,131
40841,Reptile,12,66,78
40841,fw_fish,10,69,79
40842,Amphibian,1,38,39
40842,Bird,92,262,354
40842,Mammal,15,119,134
40842,Reptile,10,67,77
40842,fw_fish,10,66,76
40843,Amphibian,1,43,44
40843,Bird,93,265,358
40843,Mammal,15,118,133
40843,Reptile,11,69,80
40843,fw_fish,10,69,79
40844,Amphibian,1,38,39
40844,Bird,92,264,356
40844,Mammal,15,121,136
40844,Reptile,10,67,77
40844,fw_fish,10,66,76
40845,Amphibian,0,36,36
40845,Bird,92,261,353
40845,Mammal,15,125,140
40845,Reptile,9,63,72
40845,fw_fish,10,68,78
40846,Amphibian,0,41,41
40846,Bird,93,282,375
40846,Mammal,15,129,144
40846,Reptile,10,67,77
40846,fw_fish,16,83,99
40848,Amphibian,1,40,41
40848,Bird,95,265,360
40848,Mammal,15,113,128
40848,Reptile,12,70,82
40848,fw_fish,14,76,90
40849,Amphibian,1,40,41
40849,Bird,95,264,359
40849,Mammal,15,114,129
40849,Reptile,12,68,80
40849,fw_fish,7,55,62
40850,Amphibian,1,40,41
40850,Bird,95,268,363
40850,Mammal,15,119,134
40850,Reptile,12,71,83
40850,fw_fish,14,76,90
40851,Amphibian,1,39,40
40851,Bird,95,269,364
40851,Mammal,15,119,134
40851,Reptile,12,70,82
40851,fw_fish,14,72,86
40852,Amphibian,1,40,41
40852,Bird,95,257,352
40852,Mammal,15,114,129
40852,Reptile,12,68,80
40852,fw_fish,7,52,59
40853,Amphibian,1,41,42
40853,Bird,94,257,351
40853,Mammal,15,118,133
40853,Reptile,11,68,79
40853,fw_fish,7,52,59
40854,Amphibian,1,40,41
40854,Bird,94,261,355
40854,Mammal,15,119,134
40854,Reptile,10,69,79
40854,fw_fish,10,72,82
40855,Amphibian,1,40,41
40855,Bird,93,262,355
40855,Mammal,15,121,136
40855,Reptile,10,69,79
40855,fw_fish,10,65,75
40856,Amphibian,1,44,45
40856,Bird,95,290,385
40856,Mammal,15,135,150
40856,Reptile,11,77,88
40856,fw_fish,11,78,89
40857,Amphibian,1,40,41
40857,Bird,95,267,362
40857,Mammal,15,120,135
40857,Reptile,11,71,82
40857,fw_fish,7,52,59
40858,Amphibian,1,40,41
40858,Bird,94,258,352
40858,Mammal,15,120,135
40858,Reptile,11,68,79
40858,fw_fish,7,52,59
40859,Amphibian,1,38,39
40859,Bird,93,264,357
40859,Mammal,15,123,138
40859,Reptile,10,68,78
40859,fw_fish,7,52,59
40860,Amphibian,0,31,31
40860,Bird,84,284,368
40860,Mammal,12,130,142
40860,Reptile,7,66,73
40860,fw_fish,21,87,108
40861,Amphibian,0,30,30
40861,Bird,83,281,364
40861,Mammal,12,131,143
40861,Reptile,7,67,74
40861,fw_fish,21,87,108
40862,Amphibian,0,31,31
40862,Bird,85,289,374
40862,Mammal,12,138,150
40862,Reptile,8,71,79
40862,fw_fish,11,48,59
40863,Amphibian,0,34,34
40863,Bird,91,279,370
40863,Mammal,13,134,147
40863,Reptile,7,65,72
40863,fw_fish,14,68,82
40864,Amphibian,0,31,31
40864,Bird,83,287,370
40864,Mammal,12,136,148
40864,Reptile,8,70,78
40864,fw_fish,11,48,59
40865,Amphibian,0,36,36
40865,Bird,92,284,376
40865,Mammal,13,133,146
40865,Reptile,8,67,75
40865,fw_fish,14,68,82
40866,Amphibian,0,37,37
40866,Bird,94,279,373
40866,Mammal,15,132,147
40866,Reptile,9,71,80
40866,fw_fish,14,68,82
40867,Amphibian,0,32,32
40867,Bird,76,275,351
40867,Mammal,11,126,137
40867,Reptile,7,66,73
40867,fw_fish,21,87,108
40868,Amphibian,0,30,30
40868,Bird,87,281,368
40868,Mammal,13,136,149
40868,Reptile,7,70,77
40868,fw_fish,21,87,108
40869,Amphibian,0,34,34
40869,Bird,93,281,374
40869,Mammal,13,135,148
40869,Reptile,8,71,79
40869,fw_fish,14,68,82
40870,Amphibian,0,32,32
40870,Bird,92,287,379
40870,Mammal,13,136,149
40870,Reptile,8,70,78
40870,fw_fish,14,68,82
40871,Amphibian,1,21,22
40871,Bird,50,278,328
40871,Mammal,9,125,134
40871,Reptile,3,61,64
40871,fw_fish,20,45,65
40872,Amphibian,1,26,27
40872,Bird,57,275,332
40872,Mammal,10,122,132
40872,Reptile,4,60,64
40872,fw_fish,11,28,39
40873,Amphibian,1,24,25
40873,Bird,57,276,333
40873,Mammal,10,127,137
40873,Reptile,3,61,64
40873,fw_fish,11,28,39
40874,Amphibian,0,27,27
40874,Bird,59,273,332
40874,Mammal,10,124,134
40874,Reptile,6,61,67
40874,fw_fish,11,28,39
40875,Amphibian,1,27,28
40875,Bird,61,283,344
40875,Mammal,10,129,139
40875,Reptile,5,66,71
40875,fw_fish,14,47,61
40876,Amphibian,1,27,28
40876,Bird,59,274,333
40876,Mammal,10,126,136
40876,Reptile,5,59,64
40876,fw_fish,18,75,93
40877,Amphibian,0,33,33
40877,Bird,91,286,377
40877,Mammal,11,129,140
40877,Reptile,11,74,85
40877,fw_fish,14,76,90
40878,Amphibian,0,35,35
40878,Bird,95,307,402
40878,Mammal,13,134,147
40878,Reptile,12,79,91
40878,fw_fish,15,76,91
40880,Amphibian,0,22,22
40880,Bird,53,271,324
40880,Mammal,9,124,133
40880,Reptile,5,59,64
40880,fw_fish,19,39,58
40887,Amphibian,2,24,26
40887,Bird,42,287,329
40887,Mammal,8,114,122
40887,Reptile,3,66,69
40887,fw_fish,15,35,50
40889,Amphibian,0,28,28
40889,Bird,75,285,360
40889,Mammal,11,135,146
40889,Reptile,7,71,78
40889,fw_fish,11,48,59
40890,Amphibian,0,33,33
40890,Bird,76,300,376
40890,Mammal,12,123,135
40890,Reptile,10,81,91
40890,fw_fish,11,48,59
40892,Amphibian,0,33,33
40892,Bird,85,313,398
40892,Mammal,12,118,130
40892,Reptile,10,80,90
40892,fw_fish,15,65,80
40894,Amphibian,0,32,32
40894,Bird,83,305,388
40894,Mammal,11,117,128
40894,Reptile,10,79,89
40894,fw_fish,12,58,70
62085,Amphibian,3,20,23
62085,Bird,57,368,425
62085,Mammal,5,78,83
62085,Reptile,3,52,55
62085,fw_fish,6,47,53
62087,Amphibian,2,21,23
62087,Bird,35,316,351
62087,Mammal,2,79,81
62087,Reptile,5,50,55
62087,fw_fish,14,22,36
62088,Amphibian,1,24,25
62088,Bird,39,302,341
62088,Mammal,3,74,77
62088,Reptile,6,37,43
62088,fw_fish,12,26,38
67727,Amphibian,0,4,4
67727,Bird,20,83,103
67727,Bird,0,1,1
67727,Mammal,11,25,36
67727,fw_fish,1,0,1
67822,Amphibian,1,6,7
67822,Bird,32,234,266
67822,Mammal,9,45,54
67822,Reptile,8,23,31
67822,fw_fish,6,14,20
67823,Amphibian,4,22,26
67823,Bird,29,276,305
67823,Mammal,4,72,76
67823,Reptile,5,52,57
67823,fw_fish,25,54,79
67824,Amphibian,3,19,22
67824,Bird,39,341,380
67824,Mammal,7,92,99
67824,Reptile,8,53,61
67824,fw_fish,17,32,49
67965,Amphibian,0,36,36
67965,Bird,87,276,363
67965,Mammal,13,129,142
67965,Reptile,7,63,70
67965,fw_fish,14,68,82
67970,Amphibian,0,27,27
67970,Bird,71,311,382
67970,Mammal,9,106,115
67970,Reptile,8,75,83
67970,fw_fish,21,73,94
67983,Bird,6,17,23
67983,Mammal,0,1,1
67984,Amphibian,2,23,25
67984,Bird,49,283,332
67984,Mammal,5,93,98
67984,Reptile,3,54,57
67984,fw_fish,5,69,74
67985,Amphibian,1,23,24
67985,Bird,43,259,302
67985,Mammal,5,79,84
67985,Reptile,2,55,57
67985,fw_fish,5,59,64
67986,Amphibian,1,23,24
67986,Bird,41,251,292
67986,Mammal,5,77,82
67986,Reptile,0,54,54
67986,fw_fish,6,64,70
67987,Amphibian,0,24,24
67987,Bird,39,259,298
67987,Mammal,6,76,82
67987,Reptile,0,58,58
67987,fw_fish,10,72,82
67988,Amphibian,0,1,1
67988,Bird,5,17,22
67988,Mammal,0,1,1
68151,Amphibian,1,5,6
68151,Bird,44,273,317
68151,Mammal,5,38,43
68151,Reptile,10,28,38
68151,fw_fish,16,51,67
68153,Amphibian,3,21,24
68153,Bird,62,375,437
68153,Mammal,4,88,92
68153,Reptile,6,56,62
68153,fw_fish,8,43,51
68154,Amphibian,1,6,7
68154,Bird,41,274,315
68154,Mammal,6,42,48
68154,Reptile,11,34,45
68154,fw_fish,16,48,64
68788,Amphibian,2,30,32
68788,Bird,46,312,358
68788,Mammal,8,123,131
68788,Reptile,9,80,89
68788,fw_fish,15,54,69
72350,Amphibian,0,3,3
72350,Bird,15,55,70
72350,Mammal,10,18,28
95397,Amphibian,4,24,28
95397,Bird,32,327,359
95397,Mammal,3,102,105
95397,Reptile,3,63,66
95397,fw_fish,21,48,69
95398,Amphibian,0,24,24
95398,Bird,54,294,348
95398,Mammal,8,102,110
95398,Reptile,5,69,74
95398,fw_fish,20,65,85
109037,Amphibian,3,21,24
109037,Bird,59,362,421
109037,Mammal,4,83,87
109037,Reptile,5,52,57
109037,fw_fish,6,43,49
124385,Amphibian,3,16,19
124385,Bird,39,325,364
124385,Mammal,6,85,91
124385,Reptile,9,49,58
124385,fw_fish,14,24,38
145528,Amphibian,1,36,37
145528,Bird,97,276,373
145528,Mammal,14,109,123
145528,Reptile,14,67,81
145528,fw_fish,10,93,103
145529,Amphibian,4,22,26
145529,Bird,53,360,413
145529,Mammal,4,88,92
145529,Reptile,3,53,56
145529,fw_fish,12,61,73
300680,Amphibian,1,9,10
300680,Bird,37,235,272
300680,Mammal,7,50,57
300680,Reptile,9,30,39
300680,fw_fish,10,26,36
300681,Amphibian,1,9,10
300681,Bird,37,243,280
300681,Mammal,7,52,59
300681,Reptile,9,35,44
300681,fw_fish,11,26,37
300682,Amphibian,1,10,11
300682,Bird,37,252,289
300682,Mammal,6,57,63
300682,Reptile,9,36,45
300682,fw_fish,22,33,55
300684,Amphibian,1,9,10
300684,Bird,38,260,298
300684,Mammal,4,48,52
300684,Reptile,8,30,38
300684,fw_fish,2,7,9
300685,Amphibian,0,10,10
300685,Bird,38,262,300
300685,Mammal,4,48,52
300685,Reptile,8,30,38
300685,fw_fish,14,21,35
300686,Amphibian,1,11,12
300686,Bird,39,264,303
300686,Mammal,4,49,53
300686,Reptile,9,30,39
300686,fw_fish,1,3,4
300687,Amphibian,1,16,17
300687,Bird,37,279,316
300687,Mammal,2,57,59
300687,Reptile,9,33,42
300687,fw_fish,5,17,22
300688,Amphibian,1,16,17
300688,Bird,38,275,313
300688,Mammal,3,53,56
300688,Reptile,10,33,43
300688,fw_fish,12,18,30
300690,Amphibian,1,16,17
300690,Bird,39,279,318
300690,Mammal,3,53,56
300690,Reptile,9,32,41
300690,fw_fish,12,18,30
300691,Amphibian,1,16,17
300691,Bird,40,284,324
300691,Mammal,5,54,59
300691,Reptile,9,31,40
300691,fw_fish,18,27,45
300692,Amphibian,1,16,17
300692,Bird,39,284,323
300692,Mammal,4,56,60
300692,Reptile,9,33,42
300692,fw_fish,16,24,40
300693,Amphibian,1,18,19
300693,Bird,38,284,322
300693,Mammal,2,56,58
300693,Reptile,8,32,40
300693,fw_fish,12,18,30
300694,Amphibian,1,18,19
300694,Bird,37,287,324
300694,Mammal,1,58,59
300694,Reptile,7,34,41
300694,fw_fish,16,24,40
300695,Amphibian,1,18,19
300695,Bird,37,292,329
300695,Mammal,1,61,62
300695,Reptile,7,38,45
300695,fw_fish,12,18,30
300696,Amphibian,1,18,19
300696,Bird,37,291,328
300696,Mammal,1,60,61
300696,Reptile,7,38,45
300696,fw_fish,12,18,30
300697,Amphibian,1,18,19
300697,Bird,37,292,329
300697,Mammal,1,62,63
300697,Reptile,7,38,45
300697,fw_fish,12,18,30
300699,Amphibian,1,18,19
300699,Bird,39,284,323
300699,Mammal,2,59,61
300699,Reptile,6,36,42
300699,fw_fish,15,25,40
300700,Amphibian,1,19,20
300700,Bird,40,287,327
300700,Mammal,1,60,61
300700,Reptile,6,36,42
300700,fw_fish,15,25,40
300701,Amphibian,1,20,21
300701,Bird,40,293,333
300701,Mammal,2,62,64
300701,Reptile,6,37,43
300701,fw_fish,15,25,40
300702,Amphibian,1,19,20
300702,Bird,38,293,331
300702,Mammal,4,67,71
300702,Reptile,6,33,39
300702,fw_fish,31,46,77
300703,Amphibian,1,16,17
300703,Bird,42,294,336
300703,Mammal,6,62,68
300703,Reptile,5,32,37
300703,fw_fish,30,46,76
300704,Amphibian,1,21,22
300704,Bird,39,287,326
300704,Mammal,2,65,67
300704,Reptile,6,35,41
300704,fw_fish,6,18,24
300705,Amphibian,1,20,21
300705,Bird,38,291,329
300705,Mammal,4,67,71
300705,Reptile,6,33,39
300705,fw_fish,30,46,76
300706,Amphibian,1,21,22
300706,Bird,38,290,328
300706,Mammal,2,67,69
300706,Reptile,6,37,43
300706,fw_fish,6,18,24
300707,Amphibian,1,21,22
300707,Bird,38,289,327
300707,Mammal,2,67,69
300707,Reptile,6,37,43
300707,fw_fish,6,18,24
300708,Amphibian,1,21,22
300708,Bird,38,289,327
300708,Mammal,2,67,69
300708,Reptile,6,37,43
300708,fw_fish,6,18,24
300709,Amphibian,1,20,21
300709,Bird,38,307,345
300709,Mammal,2,68,70
300709,Reptile,5,43,48
300709,fw_fish,12,15,27
300710,Amphibian,3,24,27
300710,Bird,39,336,375
300710,Mammal,3,91,94
300710,Reptile,5,52,57
300710,fw_fish,22,37,59
300711,Amphibian,1,22,23
300711,Bird,39,299,338
300711,Mammal,2,65,67
300711,Reptile,6,39,45
300711,fw_fish,15,25,40
300712,Amphibian,1,22,23
300712,Bird,39,300,339
300712,Mammal,2,68,70
300712,Reptile,6,40,46
300712,fw_fish,15,25,40
300713,Amphibian,2,19,21
300713,Bird,34,298,332
300713,Mammal,2,70,72
300713,Reptile,5,47,52
300713,fw_fish,9,18,27
300714,Amphibian,1,22,23
300714,Bird,39,298,337
300714,Mammal,2,68,70
300714,Reptile,6,39,45
300714,fw_fish,15,24,39
300715,Amphibian,2,20,22
300715,Bird,37,310,347
300715,Mammal,2,74,76
300715,Reptile,5,48,53
300715,fw_fish,8,13,21
300716,Amphibian,1,19,20
300716,Bird,42,287,329
300716,Mammal,6,69,75
300716,Reptile,5,36,41
300716,fw_fish,30,46,76
300717,Amphibian,2,20,22
300717,Bird,38,315,353
300717,Mammal,2,75,77
300717,Reptile,5,49,54
300717,fw_fish,12,18,30
300719,Amphibian,1,21,22
300719,Bird,42,292,334
300719,Mammal,5,70,75
300719,Reptile,5,39,44
300719,fw_fish,30,46,76
300720,Amphibian,3,21,24
300720,Bird,35,316,351
300720,Mammal,3,94,97
300720,Reptile,3,53,56
300720,fw_fish,16,27,43
300723,Amphibian,2,25,27
300723,Bird,32,294,326
300723,Mammal,4,78,82
300723,Reptile,4,41,45
300723,fw_fish,8,21,29
300724,Amphibian,2,25,27
300724,Bird,33,290,323
300724,Mammal,4,78,82
300724,Reptile,4,41,45
300724,fw_fish,8,20,28
300725,Amphibian,2,25,27
300725,Bird,33,292,325
300725,Mammal,4,79,83
300725,Reptile,4,40,44
300725,fw_fish,8,20,28
300726,Amphibian,4,23,27
300726,Bird,28,313,341
300726,Mammal,3,97,100
300726,Reptile,3,58,61
300726,fw_fish,20,44,64
300727,Amphibian,4,21,25
300727,Bird,26,281,307
300727,Mammal,2,90,92
300727,Reptile,3,47,50
300727,fw_fish,13,34,47
300728,Amphibian,2,24,26
300728,Bird,32,313,345
300728,Mammal,3,81,84
300728,Reptile,4,45,49
300728,fw_fish,8,22,30
300731,Amphibian,4,21,25
300731,Bird,26,281,307
300731,Mammal,2,92,94
300731,Reptile,3,49,52
300731,fw_fish,17,40,57
300732,Amphibian,3,25,28
300732,Bird,39,343,382
300732,Mammal,3,95,98
300732,Reptile,5,59,64
300732,fw_fish,12,15,27
300733,Amphibian,3,25,28
300733,Bird,39,346,385
300733,Mammal,3,95,98
300733,Reptile,5,59,64
300733,fw_fish,8,15,23
300734,Amphibian,3,25,28
300734,Bird,39,343,382
300734,Mammal,3,95,98
300734,Reptile,5,59,64
300734,fw_fish,8,15,23
300735,Amphibian,4,25,29
300735,Bird,31,305,336
300735,Mammal,3,98,101
300735,Reptile,2,56,58
300735,fw_fish,15,36,51
300736,Amphibian,3,25,28
300736,Bird,41,343,384
300736,Mammal,3,94,97
300736,Reptile,5,58,63
300736,fw_fish,20,43,63
300737,Amphibian,3,25,28
300737,Bird,38,349,387
300737,Mammal,5,100,105
300737,Reptile,5,59,64
300737,fw_fish,8,16,24
300738,Amphibian,4,24,28
300738,Bird,30,304,334
300738,Mammal,3,98,101
300738,Reptile,2,58,60
300738,fw_fish,15,36,51
300739,Amphibian,4,20,24
300739,Bird,27,281,308
300739,Mammal,3,94,97
300739,Reptile,2,50,52
300739,fw_fish,17,40,57
300740,Amphibian,3,25,28
300740,Bird,39,350,389
300740,Mammal,4,96,100
300740,Reptile,5,60,65
300740,fw_fish,8,15,23
300741,Amphibian,4,20,24
300741,Bird,26,297,323
300741,Mammal,2,99,101
300741,Reptile,2,55,57
300741,fw_fish,11,55,66
300742,Amphibian,3,25,28
300742,Bird,41,347,388
300742,Mammal,4,98,102
300742,Reptile,5,58,63
300742,fw_fish,8,15,23
300743,Amphibian,4,20,24
300743,Bird,26,290,316
300743,Mammal,3,98,101
300743,Reptile,2,53,55
300743,fw_fish,13,52,65
300744,Amphibian,3,25,28
300744,Bird,39,348,387
300744,Mammal,4,98,102
300744,Reptile,5,59,64
300744,fw_fish,8,15,23
300745,Amphibian,3,25,28
300745,Bird,42,348,390
300745,Mammal,4,99,103
300745,Reptile,5,58,63
300745,fw_fish,8,15,23
300746,Amphibian,3,26,29
300746,Bird,41,348,389
300746,Mammal,4,99,103
300746,Reptile,5,59,64
300746,fw_fish,8,15,23
300747,Amphibian,4,21,25
300747,Bird,29,304,333
300747,Mammal,4,103,107
300747,Reptile,2,56,58
300747,fw_fish,13,52,65
300748,Amphibian,4,19,23
300748,Bird,29,262,291
300748,Mammal,5,93,98
300748,Reptile,2,51,53
300748,fw_fish,9,30,39
300749,Amphibian,4,19,23
300749,Bird,30,261,291
300749,Mammal,5,98,103
300749,Reptile,2,53,55
300749,fw_fish,11,28,39
300750,Amphibian,4,19,23
300750,Bird,30,263,293
300750,Mammal,5,94,99
300750,Reptile,2,54,56
300750,fw_fish,9,30,39
300751,Amphibian,3,24,27
300751,Bird,29,306,335
300751,Mammal,4,84,88
300751,Reptile,4,48,52
300751,fw_fish,8,22,30
300752,Amphibian,3,25,28
300752,Bird,43,344,387
300752,Mammal,3,95,98
300752,Reptile,4,58,62
300752,fw_fish,19,42,61
300753,Amphibian,4,20,24
300753,Bird,29,281,310
300753,Mammal,4,99,103
300753,Reptile,2,53,55
300753,fw_fish,17,40,57
300754,Amphibian,4,19,23
300754,Bird,30,261,291
300754,Mammal,5,94,99
300754,Reptile,2,52,54
300754,fw_fish,11,27,38
300755,Amphibian,4,20,24
300755,Bird,25,292,317
300755,Mammal,3,96,99
300755,Reptile,2,54,56
300755,fw_fish,11,54,65
300756,Amphibian,4,20,24
300756,Bird,25,292,317
300756,Mammal,3,97,100
300756,Reptile,2,54,56
300756,fw_fish,11,54,65
300757,Amphibian,4,23,27
300757,Bird,36,329,365
300757,Mammal,4,92,96
300757,Reptile,2,57,59
300757,fw_fish,12,15,27
300758,Amphibian,4,23,27
300758,Bird,36,328,364
300758,Mammal,4,92,96
300758,Reptile,2,57,59
300758,fw_fish,12,15,27
300759,Amphibian,4,20,24
300759,Bird,27,293,320
300759,Mammal,3,97,100
300759,Reptile,2,53,55
300759,fw_fish,11,54,65
300760,Amphibian,4,24,28
300760,Bird,41,339,380
300760,Mammal,5,94,99
300760,Reptile,3,57,60
300760,fw_fish,19,42,61
300762,Amphibian,4,22,26
300762,Bird,30,308,338
300762,Mammal,4,100,104
300762,Reptile,2,60,62
300762,fw_fish,15,39,54
300765,Amphibian,4,22,26
300765,Bird,39,329,368
300765,Mammal,5,92,97
300765,Reptile,2,57,59
300765,fw_fish,12,15,27
300766,Amphibian,4,26,30
300766,Bird,43,349,392
300766,Mammal,3,98,101
300766,Reptile,4,57,61
300766,fw_fish,20,36,56
300767,Amphibian,4,22,26
300767,Bird,29,299,328
300767,Mammal,5,101,106
300767,Reptile,2,61,63
300767,fw_fish,15,39,54
300768,Amphibian,4,22,26
300768,Bird,34,295,329
300768,Mammal,6,109,115
300768,Reptile,3,55,58
300768,fw_fish,18,71,89
300769,Amphibian,4,23,27
300769,Bird,37,330,367
300769,Mammal,5,93,98
300769,Reptile,3,57,60
300769,fw_fish,19,42,61
300770,Amphibian,4,19,23
300770,Bird,32,273,305
300770,Mammal,5,102,107
300770,Reptile,3,51,54
300770,fw_fish,7,45,52
300771,Amphibian,4,23,27
300771,Bird,37,329,366
300771,Mammal,5,93,98
300771,Reptile,3,57,60
300771,fw_fish,19,42,61
300772,Amphibian,4,20,24
300772,Bird,28,285,313
300772,Mammal,4,102,106
300772,Reptile,2,54,56
300772,fw_fish,9,52,61
300773,Amphibian,4,20,24
300773,Bird,31,298,329
300773,Mammal,5,104,109
300773,Reptile,2,54,56
300773,fw_fish,9,52,61
300774,Amphibian,4,20,24
300774,Bird,34,259,293
300774,Mammal,6,98,104
300774,Reptile,2,51,53
300774,fw_fish,11,28,39
300775,Amphibian,4,19,23
300775,Bird,33,268,301
300775,Mammal,6,97,103
300775,Reptile,3,52,55
300775,fw_fish,13,55,68
300776,Amphibian,4,19,23
300776,Bird,33,271,304
300776,Mammal,6,99,105
300776,Reptile,3,53,56
300776,fw_fish,12,53,65
300777,Amphibian,4,19,23
300777,Bird,31,271,302
300777,Mammal,6,97,103
300777,Reptile,3,51,54
300777,fw_fish,7,45,52
300778,Amphibian,4,19,23
300778,Bird,31,270,301
300778,Mammal,6,97,103
300778,Reptile,3,50,53
300778,fw_fish,7,45,52
300779,Amphibian,4,20,24
300779,Bird,31,267,298
300779,Mammal,6,97,103
300779,Reptile,3,48,51
300779,fw_fish,11,27,38
300780,Amphibian,4,20,24
300780,Bird,33,278,311
300780,Mammal,5,99,104
300780,Reptile,3,50,53
300780,fw_fish,7,45,52
300781,Amphibian,4,21,25
300781,Bird,34,282,316
300781,Mammal,6,101,107
300781,Reptile,3,49,52
300781,fw_fish,8,56,64
300782,Amphibian,4,26,30
300782,Bird,42,332,374
300782,Mammal,5,114,119
300782,Reptile,3,60,63
300782,fw_fish,15,52,67
300783,Amphibian,4,22,26
300783,Bird,35,307,342
300783,Mammal,3,105,108
300783,Reptile,2,56,58
300783,fw_fish,6,44,50
300784,Amphibian,4,21,25
300784,Bird,34,282,316
300784,Mammal,6,98,104
300784,Reptile,3,48,51
300784,fw_fish,7,45,52
300785,Amphibian,2,23,25
300785,Bird,36,313,349
300785,Mammal,6,109,115
300785,Reptile,5,63,68
300785,fw_fish,47,81,128
300786,Amphibian,4,24,28
300786,Bird,40,296,336
300786,Mammal,5,107,112
300786,Reptile,3,53,56
300786,fw_fish,8,50,58
300787,Amphibian,4,23,27
300787,Bird,38,309,347
300787,Mammal,4,106,110
300787,Reptile,3,56,59
300787,fw_fish,10,57,67
300788,Amphibian,4,22,26
300788,Bird,35,287,322
300788,Mammal,6,102,108
300788,Reptile,3,48,51
300788,fw_fish,8,51,59
300789,Amphibian,4,21,25
300789,Bird,34,286,320
300789,Mammal,6,97,103
300789,Reptile,3,47,50
300789,fw_fish,8,56,64
300790,Amphibian,4,26,30
300790,Bird,44,330,374
300790,Mammal,5,112,117
300790,Reptile,3,57,60
300790,fw_fish,14,52,66
300791,Amphibian,4,25,29
300791,Bird,38,305,343
300791,Mammal,4,106,110
300791,Reptile,3,53,56
300791,fw_fish,6,44,50
300792,Amphibian,4,25,29
300792,Bird,54,330,384
300792,Mammal,7,118,125
300792,Reptile,3,58,61
300792,fw_fish,6,44,50
300793,Amphibian,2,23,25
300793,Bird,36,318,354
300793,Mammal,4,98,102
300793,Reptile,4,59,63
300793,fw_fish,18,33,51
300794,Amphibian,4,23,27
300794,Bird,54,306,360
300794,Mammal,6,108,114
300794,Reptile,3,51,54
300794,fw_fish,8,51,59
300795,Amphibian,3,23,26
300795,Bird,49,297,346
300795,Mammal,6,104,110
300795,Reptile,3,49,52
300795,fw_fish,8,51,59
300796,Amphibian,2,24,26
300796,Bird,37,287,324
300796,Mammal,8,112,120
300796,Reptile,4,66,70
300796,fw_fish,37,75,112
300797,Amphibian,3,21,24
300797,Bird,34,283,317
300797,Mammal,6,97,103
300797,Reptile,2,49,51
300797,fw_fish,7,45,52
300798,Amphibian,3,21,24
300798,Bird,41,288,329
300798,Mammal,6,101,107
300798,Reptile,3,48,51
300798,fw_fish,7,47,54
300799,Amphibian,3,21,24
300799,Bird,36,325,361
300799,Mammal,3,88,91
300799,Reptile,4,53,57
300799,fw_fish,19,42,61
300800,Amphibian,4,26,30
300800,Bird,53,323,376
300800,Mammal,7,121,128
300800,Reptile,3,62,65
300800,fw_fish,13,46,59
300801,Amphibian,3,22,25
300801,Bird,38,316,354
300801,Mammal,3,83,86
300801,Reptile,4,52,56
300801,fw_fish,20,36,56
300802,Amphibian,3,24,27
300802,Bird,52,317,369
300802,Mammal,7,107,114
300802,Reptile,3,52,55
300802,fw_fish,6,44,50
300804,Amphibian,3,25,28
300804,Bird,56,317,373
300804,Mammal,7,120,127
300804,Reptile,3,62,65
300804,fw_fish,13,46,59
300805,Amphibian,3,24,27
300805,Bird,51,315,366
300805,Mammal,7,109,116
300805,Reptile,3,53,56
300805,fw_fish,8,55,63
300806,Amphibian,3,26,29
300806,Bird,59,314,373
300806,Mammal,8,120,128
300806,Reptile,3,58,61
300806,fw_fish,13,46,59
300807,Amphibian,1,24,25
300807,Bird,41,300,341
300807,Mammal,8,117,125
300807,Reptile,9,77,86
300807,fw_fish,11,40,51
300809,Amphibian,3,24,27
300809,Bird,57,322,379
300809,Mammal,7,113,120
300809,Reptile,3,55,58
300809,fw_fish,6,46,52
300810,Amphibian,2,22,24
300810,Bird,28,295,323
300810,Mammal,5,84,89
300810,Reptile,3,44,47
300810,fw_fish,19,35,54
300811,Amphibian,2,26,28
300811,Bird,63,306,369
300811,Mammal,7,115,122
300811,Reptile,2,56,58
300811,fw_fish,13,46,59
300812,Amphibian,2,24,26
300812,Bird,54,294,348
300812,Mammal,6,107,113
300812,Reptile,3,49,52
300812,fw_fish,8,57,65
300813,Amphibian,2,24,26
300813,Bird,58,302,360
300813,Mammal,7,112,119
300813,Reptile,4,52,56
300813,fw_fish,8,58,66
300814,Amphibian,2,27,29
300814,Bird,69,324,393
300814,Mammal,8,121,129
300814,Reptile,2,58,60
300814,fw_fish,13,54,67
300815,Amphibian,2,24,26
300815,Bird,58,314,372
300815,Mammal,7,109,116
300815,Reptile,2,56,58
300815,fw_fish,5,46,51
300816,Amphibian,2,24,26
300816,Bird,57,313,370
300816,Mammal,7,109,116
300816,Reptile,2,55,57
300816,fw_fish,5,46,51
300817,Amphibian,2,24,26
300817,Bird,61,319,380
300817,Mammal,7,114,121
300817,Reptile,2,55,57
300817,fw_fish,6,48,54
300818,Amphibian,2,26,28
300818,Bird,66,305,371
300818,Mammal,8,116,124
300818,Reptile,2,60,62
300818,fw_fish,13,46,59
300819,Amphibian,2,24,26
300819,Bird,58,312,370
300819,Mammal,7,110,117
300819,Reptile,4,55,59
300819,fw_fish,7,51,58
300820,Amphibian,1,26,27
300820,Bird,69,294,363
300820,Mammal,7,111,118
300820,Reptile,7,58,65
300820,fw_fish,8,47,55
300821,Amphibian,1,41,42
300821,Bird,80,308,388
300821,Mammal,8,128,136
300821,Reptile,9,70,79
300821,fw_fish,8,58,66
300822,Amphibian,2,23,25
300822,Bird,57,318,375
300822,Mammal,7,111,118
300822,Reptile,3,55,58
300822,fw_fish,6,55,61
300823,Amphibian,2,23,25
300823,Bird,60,319,379
300823,Mammal,7,116,123
300823,Reptile,3,55,58
300823,fw_fish,5,45,50
300824,Amphibian,2,23,25
300824,Bird,60,309,369
300824,Mammal,8,119,127
300824,Reptile,4,53,57
300824,fw_fish,8,51,59
300825,Amphibian,2,21,23
300825,Bird,49,282,331
300825,Mammal,4,96,100
300825,Reptile,4,54,58
300825,fw_fish,20,39,59
300826,Amphibian,1,26,27
300826,Bird,69,300,369
300826,Mammal,8,121,129
300826,Reptile,3,61,64
300826,fw_fish,13,46,59
300827,Amphibian,2,23,25
300827,Bird,60,317,377
300827,Mammal,7,114,121
300827,Reptile,3,55,58
300827,fw_fish,5,45,50
300828,Amphibian,1,28,29
300828,Bird,72,303,375
300828,Mammal,9,126,135
300828,Reptile,4,56,60
300828,fw_fish,7,51,58
300829,Amphibian,1,29,30
300829,Bird,67,300,367
300829,Mammal,8,128,136
300829,Reptile,3,52,55
300829,fw_fish,7,51,58
300830,Amphibian,2,26,28
300830,Bird,66,313,379
300830,Mammal,8,120,128
300830,Reptile,4,57,61
300830,fw_fish,5,45,50
300831,Amphibian,2,23,25
300831,Bird,64,312,376
300831,Mammal,8,119,127
300831,Reptile,3,57,60
300831,fw_fish,5,45,50
300832,Amphibian,0,23,23
300832,Bird,42,288,330
300832,Mammal,9,114,123
300832,Reptile,6,74,80
300832,fw_fish,14,43,57
300833,Amphibian,2,53,55
300833,Bird,93,314,407
300833,Mammal,13,137,150
300833,Reptile,11,77,88
300833,fw_fish,18,66,84
300834,Amphibian,1,45,46
300834,Bird,94,318,412
300834,Mammal,10,131,141
300834,Reptile,8,70,78
300834,fw_fish,7,51,58
300835,Amphibian,2,50,52
300835,Bird,94,316,410
300835,Mammal,11,135,146
300835,Reptile,9,76,85
300835,fw_fish,18,69,87
300836,Amphibian,0,30,30
300836,Bird,48,302,350
300836,Mammal,10,121,131
300836,Reptile,11,85,96
300836,fw_fish,14,50,64
300837,Amphibian,1,27,28
300837,Bird,69,287,356
300837,Mammal,8,126,134
300837,Reptile,5,59,64
300837,fw_fish,6,35,41
300838,Amphibian,1,28,29
300838,Bird,77,290,367
300838,Mammal,7,120,127
300838,Reptile,6,60,66
300838,fw_fish,6,58,64
300839,Amphibian,2,23,25
300839,Bird,64,310,374
300839,Mammal,8,116,124
300839,Reptile,2,56,58
300839,fw_fish,5,45,50
300840,Amphibian,1,36,37
300840,Bird,82,293,375
300840,Mammal,8,123,131
300840,Reptile,6,61,67
300840,fw_fish,6,57,63
300841,Amphibian,2,18,20
300841,Bird,51,325,376
300841,Mammal,7,92,99
300841,Reptile,6,43,49
300841,fw_fish,15,30,45
300842,Amphibian,2,23,25
300842,Bird,63,308,371
300842,Mammal,8,119,127
300842,Reptile,2,56,58
300842,fw_fish,5,45,50
300843,Amphibian,1,42,43
300843,Bird,99,315,414
300843,Mammal,10,132,142
300843,Reptile,8,70,78
300843,fw_fish,7,56,63
300844,Amphibian,1,29,30
300844,Bird,71,300,371
300844,Mammal,9,127,136
300844,Reptile,5,58,63
300844,fw_fish,15,80,95
300845,Amphibian,1,30,31
300845,Bird,68,277,345
300845,Mammal,10,128,138
300845,Reptile,5,60,65
300845,fw_fish,6,35,41
300846,Amphibian,1,40,41
300846,Bird,92,302,394
300846,Mammal,9,129,138
300846,Reptile,7,66,73
300846,fw_fish,7,56,63
300847,Amphibian,2,53,55
300847,Bird,97,311,408
300847,Mammal,12,139,151
300847,Reptile,10,75,85
300847,fw_fish,16,64,80
300848,Amphibian,2,52,54
300848,Bird,99,318,417
300848,Mammal,12,139,151
300848,Reptile,11,77,88
300848,fw_fish,16,64,80
300849,Amphibian,1,38,39
300849,Bird,87,288,375
300849,Mammal,8,123,131
300849,Reptile,6,59,65
300849,fw_fish,7,59,66
300850,Amphibian,1,38,39
300850,Bird,84,320,404
300850,Mammal,10,136,146
300850,Reptile,7,67,74
300850,fw_fish,8,58,66
300851,Amphibian,2,24,26
300851,Bird,65,306,371
300851,Mammal,8,116,124
300851,Reptile,2,55,57
300851,fw_fish,6,55,61
300852,Amphibian,2,24,26
300852,Bird,65,302,367
300852,Mammal,8,118,126
300852,Reptile,2,56,58
300852,fw_fish,6,55,61
300853,Amphibian,1,38,39
300853,Bird,95,317,412
300853,Mammal,11,139,150
300853,Reptile,11,74,85
300853,fw_fish,7,62,69
300854,Amphibian,2,24,26
300854,Bird,64,315,379
300854,Mammal,8,123,131
300854,Reptile,3,56,59
300854,fw_fish,7,65,72
300855,Amphibian,2,24,26
300855,Bird,66,305,371
300855,Mammal,8,119,127
300855,Reptile,2,56,58
300855,fw_fish,6,55,61
300856,Amphibian,1,24,25
300856,Bird,69,301,370
300856,Mammal,8,118,126
300856,Reptile,3,54,57
300856,fw_fish,6,51,57
300857,Amphibian,1,30,31
300857,Bird,71,278,349
300857,Mammal,10,128,138
300857,Reptile,5,59,64
300857,fw_fish,8,69,77
300858,Amphibian,0,28,28
300858,Bird,58,307,365
300858,Mammal,8,119,127
300858,Reptile,11,86,97
300858,fw_fish,20,67,87
300859,Amphibian,1,26,27
300859,Bird,70,291,361
300859,Mammal,8,119,127
300859,Reptile,3,56,59
300859,fw_fish,5,44,49
300860,Amphibian,2,25,27
300860,Bird,68,309,377
300860,Mammal,8,122,130
300860,Reptile,4,58,62
300860,fw_fish,6,55,61
300861,Amphibian,2,26,28
300861,Bird,73,306,379
300861,Mammal,8,127,135
300861,Reptile,4,55,59
300861,fw_fish,6,51,57
300862,Amphibian,0,31,31
300862,Bird,72,284,356
300862,Mammal,9,128,137
300862,Reptile,4,60,64
300862,fw_fish,8,69,77
300863,Amphibian,1,25,26
300863,Bird,80,285,365
300863,Mammal,7,97,104
300863,Reptile,6,53,59
300863,fw_fish,13,31,44
300864,Amphibian,0,37,37
300864,Bird,96,302,398
300864,Mammal,12,131,143
300864,Reptile,9,64,73
300864,fw_fish,7,61,68
300865,Amphibian,1,25,26
300865,Bird,70,294,364
300865,Mammal,8,123,131
300865,Reptile,3,53,56
300865,fw_fish,6,51,57
300866,Amphibian,0,38,38
300866,Bird,83,296,379
300866,Mammal,10,126,136
300866,Reptile,8,63,71
300866,fw_fish,7,51,58
300867,Amphibian,0,23,23
300867,Bird,55,293,348
300867,Mammal,7,111,118
300867,Reptile,7,75,82
300867,fw_fish,20,65,85
300868,Amphibian,2,32,34
300868,Bird,87,296,383
300868,Mammal,9,101,110
300868,Reptile,8,59,67
300868,fw_fish,28,58,86
300869,Amphibian,0,37,37
300869,Bird,81,305,386
300869,Mammal,10,130,140
300869,Reptile,4,58,62
300869,fw_fish,10,91,101
300870,Amphibian,2,18,20
300870,Bird,59,340,399
300870,Mammal,7,92,99
300870,Reptile,5,46,51
300870,fw_fish,15,30,45
300872,Amphibian,1,27,28
300872,Bird,73,299,372
300872,Mammal,8,123,131
300872,Reptile,4,54,58
300872,fw_fish,6,54,60
300874,Amphibian,1,28,29
300874,Bird,77,310,387
300874,Mammal,9,120,129
300874,Reptile,4,57,61
300874,fw_fish,6,54,60
300876,Amphibian,0,38,38
300876,Bird,86,312,398
300876,Mammal,10,129,139
300876,Reptile,7,69,76
300876,fw_fish,8,68,76
300877,Amphibian,0,25,25
300877,Bird,61,303,364
300877,Mammal,7,108,115
300877,Reptile,7,76,83
300877,fw_fish,16,57,73
300878,Amphibian,0,34,34
300878,Bird,83,280,363
300878,Mammal,13,131,144
300878,Reptile,7,64,71
300878,fw_fish,8,69,77
300879,Amphibian,1,37,38
300879,Bird,81,320,401
300879,Mammal,9,130,139
300879,Reptile,6,65,71
300879,fw_fish,8,68,76
300880,Amphibian,0,38,38
300880,Bird,86,293,379
300880,Mammal,10,127,137
300880,Reptile,7,67,74
300880,fw_fish,6,46,52
300881,Amphibian,0,33,33
300881,Bird,84,284,368
300881,Mammal,10,123,133
300881,Reptile,6,57,63
300881,fw_fish,8,69,77
300882,Amphibian,1,38,39
300882,Bird,88,317,405
300882,Mammal,10,135,145
300882,Reptile,7,71,78
300882,fw_fish,8,68,76
300883,Amphibian,4,62,66
300883,Bird,178,513,691
300883,Bird,0,3,3
300883,Mammal,9,89,98
300883,Mammal,10,88,98
300883,Reptile,10,53,63
300883,fw_fish,25,53,78
300885,Amphibian,0,35,35
300885,Bird,88,279,367
300885,Mammal,12,121,133
300885,Reptile,10,70,80
300885,fw_fish,6,46,52
300886,Amphibian,2,25,27
300886,Bird,81,255,336
300886,Mammal,8,81,89
300886,Reptile,10,50,60
300886,fw_fish,20,40,60
300887,Amphibian,0,32,32
300887,Bird,85,287,372
300887,Mammal,10,118,128
300887,Reptile,4,53,57
300887,fw_fish,10,87,97
300890,Amphibian,0,36,36
300890,Bird,89,300,389
300890,Mammal,11,122,133
300890,Reptile,5,57,62
300890,fw_fish,6,54,60
300891,Amphibian,0,35,35
300891,Bird,91,284,375
300891,Mammal,13,118,131
300891,Reptile,6,62,68
300891,fw_fish,10,85,95
300892,Amphibian,1,38,39
300892,Bird,93,295,388
300892,Mammal,12,120,132
300892,Reptile,11,73,84
300892,fw_fish,7,78,85
300893,Amphibian,3,29,32
300893,Bird,86,262,348
300893,Mammal,8,85,93
300893,Reptile,9,53,62
300893,fw_fish,20,40,60
300894,Amphibian,1,47,48
300894,Bird,93,261,354
300894,Mammal,14,129,143
300894,Reptile,13,63,76
300894,fw_fish,14,48,62
300895,Amphibian,0,36,36
300895,Bird,94,280,374
300895,Mammal,14,118,132
300895,Reptile,8,62,70
300895,fw_fish,10,80,90
300896,Amphibian,2,21,23
300896,Bird,71,275,346
300896,Mammal,6,71,77
300896,Reptile,6,48,54
300896,fw_fish,14,41,55
300897,Amphibian,1,44,45
300897,Bird,94,253,347
300897,Mammal,14,125,139
300897,Reptile,13,61,74
300897,fw_fish,14,48,62
300898,Amphibian,2,21,23
300898,Bird,74,273,347
300898,Mammal,7,78,85
300898,Reptile,6,49,55
300898,fw_fish,33,66,99
300899,Amphibian,1,33,34
300899,Bird,94,270,364
300899,Mammal,14,125,139
300899,Reptile,12,65,77
300899,fw_fish,7,61,68
300900,Amphibian,0,36,36
300900,Bird,93,293,386
300900,Mammal,12,120,132
300900,Reptile,7,64,71
300900,fw_fish,7,59,66
300901,Amphibian,1,51,52
300901,Bird,94,268,362
300901,Mammal,14,131,145
300901,Reptile,13,66,79
300901,fw_fish,17,65,82
300902,Amphibian,0,40,40
300902,Bird,92,304,396
300902,Mammal,12,126,138
300902,Reptile,9,70,79
300902,fw_fish,6,59,65
300903,Amphibian,0,36,36
300903,Bird,90,301,391
300903,Mammal,12,121,133
300903,Reptile,9,65,74
300903,fw_fish,7,59,66
300905,Amphibian,0,26,26
300905,Bird,65,306,371
300905,Mammal,7,98,105
300905,Reptile,8,73,81
300905,fw_fish,14,55,69
300906,Amphibian,2,22,24
300906,Bird,72,262,334
300906,Mammal,7,74,81
300906,Reptile,6,49,55
300906,fw_fish,14,41,55
300910,Amphibian,0,37,37
300910,Bird,94,297,391
300910,Mammal,13,122,135
300910,Reptile,10,66,76
300910,fw_fish,7,59,66
300911,Amphibian,0,38,38
300911,Bird,93,273,366
300911,Mammal,15,118,133
300911,Reptile,9,61,70
300911,fw_fish,10,84,94
300912,Amphibian,0,38,38
300912,Bird,92,278,370
300912,Mammal,14,118,132
300912,Reptile,11,70,81
300912,fw_fish,8,72,80
300913,Amphibian,0,26,26
300913,Bird,64,307,371
300913,Mammal,7,96,103
300913,Reptile,8,73,81
300913,fw_fish,14,55,69
300914,Amphibian,0,39,39
300914,Bird,92,294,386
300914,Mammal,14,121,135
300914,Reptile,9,66,75
300914,fw_fish,7,74,81
300915,Amphibian,1,37,38
300915,Bird,93,288,381
300915,Mammal,13,121,134
300915,Reptile,11,67,78
300915,fw_fish,10,88,98
300916,Amphibian,3,25,28
300916,Bird,78,256,334
300916,Mammal,8,71,79
300916,Reptile,7,51,58
300916,fw_fish,14,41,55
300917,Amphibian,3,25,28
300917,Bird,80,253,333
300917,Mammal,9,72,81
300917,Reptile,7,50,57
300917,fw_fish,14,42,56
300919,Amphibian,1,38,39
300919,Bird,92,293,385
300919,Mammal,15,122,137
300919,Reptile,11,69,80
300919,fw_fish,9,82,91
300921,Amphibian,1,38,39
300921,Bird,92,285,377
300921,Mammal,14,116,130
300921,Reptile,11,66,77
300921,fw_fish,10,92,102
300922,Amphibian,3,23,26
300922,Bird,84,261,345
300922,Mammal,9,74,83
300922,Reptile,9,51,60
300922,fw_fish,15,40,55
300925,Amphibian,3,25,28
300925,Bird,87,261,348
300925,Mammal,10,75,85
300925,Reptile,10,51,61
300925,fw_fish,14,41,55
300926,Amphibian,1,38,39
300926,Bird,91,257,348
300926,Mammal,15,119,134
300926,Reptile,9,63,72
300926,fw_fish,10,84,94
300928,Amphibian,1,38,39
300928,Bird,92,259,351
300928,Mammal,15,115,130
300928,Reptile,12,65,77
300928,fw_fish,7,61,68
300929,Amphibian,1,40,41
300929,Bird,92,251,343
300929,Mammal,15,119,134
300929,Reptile,12,61,73
300929,fw_fish,7,67,74
300930,Amphibian,1,39,40
300930,Bird,92,264,356
300930,Mammal,15,115,130
300930,Reptile,12,65,77
300930,fw_fish,7,61,68
300931,Amphibian,1,37,38
300931,Bird,93,282,375
300931,Mammal,15,118,133
300931,Reptile,11,68,79
300931,fw_fish,10,89,99
300932,Amphibian,1,39,40
300932,Bird,92,266,358
300932,Mammal,14,117,131
300932,Reptile,11,66,77
300932,fw_fish,10,84,94
300933,Amphibian,1,38,39
300933,Bird,94,278,372
300933,Mammal,15,118,133
300933,Reptile,11,67,78
300933,fw_fish,10,84,94
300934,Amphibian,1,37,38
300934,Bird,93,280,373
300934,Mammal,15,117,132
300934,Reptile,12,68,80
300934,fw_fish,10,89,99
300937,Amphibian,1,38,39
300937,Bird,92,259,351
300937,Mammal,15,114,129
300937,Reptile,12,64,76
300937,fw_fish,7,61,68
300938,Amphibian,1,39,40
300938,Bird,95,273,368
300938,Mammal,14,116,130
300938,Reptile,12,68,80
300938,fw_fish,10,84,94
300939,Amphibian,1,38,39
300939,Bird,94,271,365
300939,Mammal,14,116,130
300939,Reptile,11,68,79
300939,fw_fish,10,84,94
300940,Amphibian,1,37,38
300940,Bird,92,278,370
300940,Mammal,15,114,129
300940,Reptile,12,65,77
300940,fw_fish,9,78,87
300941,Amphibian,1,39,40
300941,Bird,91,261,352
300941,Mammal,15,112,127
300941,Reptile,12,63,75
300941,fw_fish,7,61,68
300944,Amphibian,1,38,39
300944,Bird,94,271,365
300944,Mammal,15,117,132
300944,Reptile,12,67,79
300944,fw_fish,10,84,94
300945,Amphibian,1,38,39
300945,Bird,93,272,365
300945,Mammal,15,117,132
300945,Reptile,12,67,79
300945,fw_fish,10,84,94
300946,Amphibian,1,42,43
300946,Bird,95,270,365
300946,Mammal,15,118,133
300946,Reptile,13,66,79
300946,fw_fish,10,69,79
300947,Amphibian,2,46,48
300947,Bird,93,262,355
300947,Mammal,13,117,130
300947,Reptile,13,64,77
300947,fw_fish,9,68,77
300948,Amphibian,1,40,41
300948,Bird,94,269,363
300948,Mammal,14,115,129
300948,Reptile,13,65,78
300948,fw_fish,10,84,94
300951,Amphibian,1,40,41
300951,Bird,94,273,367
300951,Mammal,14,115,129
300951,Reptile,13,66,79
300951,fw_fish,10,84,94
300952,Amphibian,1,39,40
300952,Bird,98,270,368
300952,Mammal,15,111,126
300952,Reptile,13,65,78
300952,fw_fish,7,62,69
300953,Amphibian,1,40,41
300953,Bird,93,265,358
300953,Mammal,14,113,127
300953,Reptile,14,65,79
300953,fw_fish,8,73,81
300954,Amphibian,1,38,39
300954,Bird,98,273,371
300954,Mammal,15,111,126
300954,Reptile,14,67,81
300954,fw_fish,10,84,94
300955,Amphibian,1,37,38
300955,Bird,88,257,345
300955,Mammal,14,109,123
300955,Reptile,13,62,75
300955,fw_fish,7,62,69
300956,Amphibian,1,40,41
300956,Bird,97,260,357
300956,Mammal,14,114,128
300956,Reptile,14,66,80
300956,fw_fish,10,69,79
300959,Amphibian,1,40,41
300959,Bird,97,258,355
300959,Mammal,14,114,128
300959,Reptile,14,65,79
300959,fw_fish,10,69,79
300960,Amphibian,1,38,39
300960,Bird,98,268,366
300960,Mammal,15,110,125
300960,Reptile,14,67,81
300960,fw_fish,10,88,98
300961,Amphibian,1,37,38
300961,Bird,96,269,365
300961,Mammal,14,107,121
300961,Reptile,14,64,78
300961,fw_fish,9,81,90
300963,Amphibian,1,38,39
300963,Bird,97,267,364
300963,Mammal,14,106,120
300963,Reptile,14,67,81
300963,fw_fish,10,84,94
300964,Amphibian,1,38,39
300964,Bird,95,262,357
300964,Mammal,14,104,118
300964,Reptile,14,65,79
300964,fw_fish,10,79,89
300965,Amphibian,1,36,37
300965,Bird,92,254,346
300965,Mammal,12,107,119
300965,Reptile,13,62,75
300965,fw_fish,9,78,87
300966,Amphibian,1,36,37
300966,Bird,95,260,355
300966,Mammal,13,108,121
300966,Reptile,13,62,75
300966,fw_fish,8,62,70
301724,Amphibian,1,52,53
301724,Bird,95,256,351
301724,Mammal,14,130,144
301724,Reptile,13,65,78
301724,fw_fish,14,48,62
303922,Amphibian,0,42,42
303922,Bird,83,304,387
303922,Mammal,10,129,139
303922,Reptile,5,66,71
303922,fw_fish,7,53,60
303923,Amphibian,0,35,35
303923,Bird,71,273,344
303923,Mammal,7,109,116
303923,Reptile,2,54,56
303923,fw_fish,18,80,98
303924,Amphibian,0,37,37
303924,Bird,73,260,333
303924,Mammal,7,106,113
303924,Reptile,3,53,56
303924,fw_fish,20,73,93
303925,Amphibian,0,43,43
303925,Bird,88,281,369
303925,Mammal,8,115,123
303925,Reptile,8,57,65
303925,fw_fish,26,85,111
303926,Amphibian,0,24,24
303926,Bird,44,283,327
303926,Mammal,9,107,116
303926,Reptile,0,55,55
303926,fw_fish,11,67,78
303927,Amphibian,0,25,25
303927,Bird,42,278,320
303927,Mammal,8,106,114
303927,Reptile,0,55,55
303927,fw_fish,11,67,78
303928,Amphibian,0,30,30
303928,Bird,71,277,348
303928,Mammal,6,99,105
303928,Reptile,2,54,56
303928,fw_fish,13,67,80
303929,Amphibian,0,33,33
303929,Bird,77,259,336
303929,Mammal,7,99,106
303929,Reptile,5,53,58
303929,fw_fish,19,77,96
303930,Amphibian,0,36,36
303930,Bird,83,262,345
303930,Mammal,7,101,108
303930,Reptile,7,56,63
303930,fw_fish,19,77,96
303931,Amphibian,0,35,35
303931,Bird,80,255,335
303931,Mammal,6,94,100
303931,Reptile,7,55,62
303931,fw_fish,19,77,96
303932,Amphibian,0,36,36
303932,Bird,82,258,340
303932,Mammal,6,94,100
303932,Reptile,7,55,62
303932,fw_fish,18,72,90
303933,Amphibian,0,36,36
303933,Bird,84,259,343
303933,Mammal,6,98,104
303933,Reptile,7,55,62
303933,fw_fish,18,72,90
303935,Amphibian,4,21,25
303935,Bird,29,303,332
303935,Mammal,5,85,90
303935,Reptile,5,51,56
303935,fw_fish,16,29,45
303936,Amphibian,4,21,25
303936,Bird,27,301,328
303936,Mammal,5,85,90
303936,Reptile,4,50,54
303936,fw_fish,16,29,45
303937,Amphibian,4,22,26
303937,Bird,31,294,325
303937,Mammal,5,84,89
303937,Reptile,4,50,54
303937,fw_fish,15,27,42
303938,Amphibian,4,22,26
303938,Bird,29,301,330
303938,Mammal,5,83,88
303938,Reptile,5,52,57
303938,fw_fish,16,29,45
303939,Amphibian,4,22,26
303939,Bird,30,290,320
303939,Mammal,5,84,89
303939,Reptile,4,56,60
303939,fw_fish,24,51,75
303940,Amphibian,4,22,26
303940,Bird,29,322,351
303940,Mammal,5,93,98
303940,Reptile,4,55,59
303940,fw_fish,16,29,45
303941,Amphibian,4,22,26
303941,Bird,29,309,338
303941,Mammal,5,85,90
303941,Reptile,4,51,55
303941,fw_fish,17,30,47
303942,Amphibian,4,22,26
303942,Bird,28,310,338
303942,Mammal,5,91,96
303942,Reptile,3,51,54
303942,fw_fish,16,29,45
303943,Amphibian,4,22,26
303943,Bird,27,310,337
303943,Mammal,5,93,98
303943,Reptile,3,54,57
303943,fw_fish,16,29,45
303944,Amphibian,4,22,26
303944,Bird,29,312,341
303944,Mammal,6,98,104
303944,Reptile,2,60,62
303944,fw_fish,15,27,42
303945,Amphibian,4,22,26
303945,Bird,27,315,342
303945,Mammal,4,96,100
303945,Reptile,2,59,61
303945,fw_fish,12,29,41
303946,Amphibian,4,22,26
303946,Bird,27,320,347
303946,Mammal,3,99,102
303946,Reptile,2,60,62
303946,fw_fish,20,48,68
303947,Amphibian,4,23,27
303947,Bird,28,318,346
303947,Mammal,6,105,111
303947,Reptile,2,63,65
303947,fw_fish,19,31,50
303948,Amphibian,4,21,25
303948,Bird,29,308,337
303948,Mammal,6,103,109
303948,Reptile,2,60,62
303948,fw_fish,14,35,49
303949,Amphibian,4,21,25
303949,Bird,30,310,340
303949,Mammal,6,105,111
303949,Reptile,2,60,62
303949,fw_fish,14,35,49
303950,Amphibian,4,20,24
303950,Bird,30,304,334
303950,Mammal,7,108,115
303950,Reptile,2,57,59
303950,fw_fish,19,49,68
303951,Amphibian,4,22,26
303951,Bird,35,321,356
303951,Mammal,8,115,123
303951,Reptile,2,63,65
303951,fw_fish,17,35,52
303952,Amphibian,0,36,36
303952,Bird,87,274,361
303952,Mammal,13,135,148
303952,Reptile,7,65,72
303952,fw_fish,11,75,86
303953,Amphibian,0,32,32
303953,Bird,80,297,377
303953,Mammal,11,125,136
303953,Reptile,10,79,89
303953,fw_fish,11,48,59
303954,Amphibian,0,29,29
303954,Bird,82,300,382
303954,Mammal,11,109,120
303954,Reptile,10,78,88
303954,fw_fish,12,58,70
303955,Amphibian,0,39,39
303955,Bird,90,276,366
303955,Mammal,14,126,140
303955,Reptile,8,61,69
303955,fw_fish,14,68,82
303956,Amphibian,1,39,40
303956,Bird,97,260,357
303956,Mammal,15,112,127
303956,Reptile,13,69,82
303956,fw_fish,7,55,62
303957,Amphibian,0,32,32
303957,Bird,88,298,386
303957,Mammal,11,116,127
303957,Reptile,12,73,85
303957,fw_fish,7,51,58
303958,Amphibian,0,32,32
303958,Bird,87,298,385
303958,Mammal,11,116,127
303958,Reptile,12,73,85
303958,fw_fish,7,51,58
303959,Amphibian,4,23,27
303959,Bird,31,312,343
303959,Mammal,7,109,116
303959,Reptile,2,64,66
303959,fw_fish,15,33,48
303960,Amphibian,0,35,35
303960,Bird,85,273,358
303960,Mammal,13,133,146
303960,Reptile,7,65,72
303960,fw_fish,9,70,79
303961,Amphibian,1,39,40
303961,Bird,100,284,384
303961,Mammal,15,114,129
303961,Reptile,13,72,85
303961,fw_fish,14,76,90
303962,Amphibian,0,38,38
303962,Bird,89,281,370
303962,Mammal,14,129,143
303962,Reptile,7,63,70
303962,fw_fish,14,68,82
313422,Amphibian,4,22,26
313422,Bird,27,283,310
313422,Mammal,4,92,96
313422,Reptile,3,49,52
313422,fw_fish,14,53,67
313423,Amphibian,4,21,25
313423,Bird,26,285,311
313423,Mammal,3,97,100
313423,Reptile,2,50,52
313423,fw_fish,13,52,65
313425,Amphibian,4,22,26
313425,Bird,27,283,310
313425,Mammal,4,83,87
313425,Reptile,4,51,55
313425,fw_fish,20,50,70
313427,Amphibian,4,22,26
313427,Bird,28,280,308
313427,Mammal,5,76,81
313427,Reptile,4,52,56
313427,fw_fish,19,43,62
313428,Amphibian,4,22,26
313428,Bird,29,280,309
313428,Mammal,5,79,84
313428,Reptile,4,53,57
313428,fw_fish,24,44,68
313430,Amphibian,4,22,26
313430,Bird,30,266,296
313430,Mammal,5,73,78
313430,Reptile,5,53,58
313430,fw_fish,21,43,64
313432,Amphibian,4,21,25
313432,Bird,29,271,300
313432,Mammal,5,72,77
313432,Reptile,5,52,57
313432,fw_fish,21,43,64
313435,Amphibian,4,22,26
313435,Bird,32,273,305
313435,Mammal,3,73,76
313435,Reptile,6,52,58
313435,fw_fish,22,45,67
313438,Amphibian,3,21,24
313438,Bird,31,267,298
313438,Mammal,2,67,69
313438,Reptile,7,47,54
313438,fw_fish,22,43,65
313440,Amphibian,3,15,18
313440,Bird,32,257,289
313440,Mammal,3,62,65
313440,Reptile,7,42,49
313440,fw_fish,12,20,32
313441,Amphibian,3,21,24
313441,Bird,30,290,320
313441,Mammal,4,76,80
313441,Reptile,7,52,59
313441,fw_fish,17,28,45
313442,Amphibian,4,23,27
313442,Bird,27,288,315
313442,Mammal,5,96,101
313442,Reptile,3,58,61
313442,fw_fish,23,65,88
317051,Amphibian,3,25,28
317051,Bird,52,302,354
317051,Mammal,6,96,102
317051,Reptile,2,54,56
317051,fw_fish,5,49,54
317192,Amphibian,4,20,24
317192,Bird,31,299,330
317192,Mammal,3,82,85
317192,Reptile,5,44,49
317192,fw_fish,7,21,28
317193,Amphibian,4,20,24
317193,Bird,33,293,326
317193,Mammal,3,79,82
317193,Reptile,5,43,48
317193,fw_fish,5,21,26
317194,Amphibian,4,20,24
317194,Bird,33,296,329
317194,Mammal,3,77,80
317194,Reptile,5,43,48
317194,fw_fish,6,21,27
317195,Amphibian,4,20,24
317195,Bird,32,294,326
317195,Mammal,3,76,79
317195,Reptile,5,42,47
317195,fw_fish,8,21,29
317286,Amphibian,4,24,28
317286,Bird,30,263,293
317286,Mammal,7,88,95
317286,Reptile,3,53,56
317286,fw_fish,5,47,52
317287,Amphibian,1,21,22
317287,Bird,27,254,281
317287,Mammal,12,98,110
317287,Reptile,0,62,62
317287,fw_fish,15,97,112
342470,Amphibian,0,3,3
342470,Bird,22,130,152
342470,Mammal,11,29,40
342470,Reptile,9,21,30
342470,fw_fish,1,2,3
342473,Amphibian,2,18,20
342473,Bird,35,300,335
342473,Mammal,2,69,71
342473,Reptile,5,45,50
342473,fw_fish,5,17,22
342474,Amphibian,4,23,27
342474,Bird,33,323,356
342474,Mammal,5,95,100
342474,Reptile,4,58,62
342474,fw_fish,16,31,47
342475,Amphibian,1,23,24
342475,Bird,36,311,347
342475,Mammal,2,74,76
342475,Reptile,6,40,46
342475,fw_fish,6,15,21
342477,Amphibian,6,46,52
342477,Bird,47,564,611
342477,Bird,0,4,4
342477,Mammal,5,80,85
342477,Mammal,5,80,85
342477,Reptile,4,47,51
342477,fw_fish,18,34,52
342479,Amphibian,1,20,21
342479,Bird,39,301,340
342479,Mammal,2,67,69
342479,Reptile,6,43,49
342479,fw_fish,10,18,28
342480,Amphibian,4,23,27
342480,Bird,36,330,366
342480,Mammal,5,94,99
342480,Reptile,4,58,62
342480,fw_fish,16,31,47
342656,Amphibian,3,23,26
342656,Bird,52,329,381
342656,Mammal,5,84,89
342656,Reptile,4,54,58
342656,fw_fish,5,42,47
342657,Amphibian,3,23,26
342657,Bird,48,312,360
342657,Mammal,5,88,93
342657,Reptile,2,53,55
342657,fw_fish,5,42,47
342658,Amphibian,3,24,27
342658,Bird,35,279,314
342658,Mammal,5,85,90
342658,Reptile,2,52,54
342658,fw_fish,7,50,57
342659,Amphibian,3,25,28
342659,Bird,36,286,322
342659,Mammal,5,90,95
342659,Reptile,2,54,56
342659,fw_fish,5,42,47
342660,Amphibian,4,25,29
342660,Bird,33,275,308
342660,Mammal,5,89,94
342660,Reptile,3,53,56
342660,fw_fish,6,52,58
342661,Amphibian,4,25,29
342661,Bird,30,270,300
342661,Mammal,6,86,92
342661,Reptile,3,53,56
342661,fw_fish,4,45,49
342662,Amphibian,3,23,26
342662,Bird,40,290,330
342662,Mammal,5,90,95
342662,Reptile,2,51,53
342662,fw_fish,5,56,61
342670,Amphibian,4,26,30
342670,Bird,33,274,307
342670,Mammal,8,98,106
342670,Reptile,3,54,57
342670,fw_fish,7,86,93
342671,Amphibian,3,27,30
342671,Bird,35,279,314
342671,Mammal,7,103,110
342671,Reptile,4,53,57
342671,fw_fish,7,85,92
342672,Amphibian,3,26,29
342672,Bird,36,275,311
342672,Mammal,7,101,108
342672,Reptile,2,51,53
342672,fw_fish,6,64,70
342673,Amphibian,3,25,28
342673,Bird,48,300,348
342673,Mammal,6,99,105
342673,Reptile,2,55,57
342673,fw_fish,6,59,65
351088,Amphibian,3,24,27
351088,Bird,51,296,347
351088,Mammal,6,96,102
351088,Reptile,3,56,59
351088,fw_fish,6,73,79
352605,Amphibian,1,6,7
352605,Bird,41,230,271
352605,Mammal,6,36,42
352605,Reptile,8,22,30
352605,fw_fish,12,26,38
352606,Amphibian,1,6,7
352606,Bird,41,242,283
352606,Mammal,7,37,44
352606,Reptile,8,25,33
352606,fw_fish,14,40,54
352607,Amphibian,1,6,7
352607,Bird,45,264,309
352607,Mammal,6,43,49
352607,Reptile,8,29,37
352607,fw_fish,17,53,70
352608,Amphibian,1,6,7
352608,Bird,42,279,321
352608,Mammal,5,41,46
352608,Reptile,9,28,37
352608,fw_fish,16,46,62
352609,Amphibian,1,6,7
352609,Bird,45,262,307
352609,Mammal,6,47,53
352609,Reptile,10,31,41
352609,fw_fish,17,54,71
352610,Amphibian,1,6,7
352610,Bird,44,282,326
352610,Mammal,5,45,50
352610,Reptile,10,33,43
352610,fw_fish,17,54,71
352611,Amphibian,1,6,7
352611,Bird,42,277,319
352611,Mammal,5,41,46
352611,Reptile,10,33,43
352611,fw_fish,16,46,62
352612,Amphibian,1,6,7
352612,Bird,40,270,310
352612,Mammal,5,41,46
352612,Reptile,11,34,45
352612,fw_fish,16,52,68
352613,Amphibian,1,7,8
352613,Bird,42,237,279
352613,Mammal,6,47,53
352613,Reptile,8,29,37
352613,fw_fish,1,13,14
352614,Amphibian,1,6,7
352614,Bird,39,230,269
352614,Mammal,5,44,49
352614,Reptile,7,29,36
352614,fw_fish,1,13,14
352615,Amphibian,1,6,7
352615,Bird,39,207,246
352615,Mammal,7,40,47
352615,Reptile,7,24,31
352615,fw_fish,13,27,40
352616,Amphibian,2,8,10
352616,Bird,38,229,267
352616,Mammal,6,50,56
352616,Reptile,7,31,38
352616,fw_fish,1,12,13
352617,Amphibian,1,7,8
352617,Bird,37,225,262
352617,Mammal,5,45,50
352617,Reptile,7,28,35
352617,fw_fish,1,12,13
352618,Amphibian,4,22,26
352618,Bird,51,335,386
352618,Mammal,10,82,92
352618,Reptile,7,52,59
352618,fw_fish,11,57,68
352619,Amphibian,1,7,8
352619,Bird,37,239,276
352619,Mammal,3,44,47
352619,Reptile,7,30,37
352619,fw_fish,11,38,49
352620,Amphibian,1,7,8
352620,Bird,37,237,274
352620,Mammal,3,44,47
352620,Reptile,7,30,37
352620,fw_fish,16,45,61
352621,Amphibian,1,7,8
352621,Bird,35,225,260
352621,Mammal,3,44,47
352621,Reptile,6,29,35
352621,fw_fish,1,12,13
352622,Amphibian,2,8,10
352622,Bird,37,241,278
352622,Mammal,3,49,52
352622,Reptile,7,35,42
352622,fw_fish,12,40,52
352623,Amphibian,2,8,10
352623,Bird,34,227,261
352623,Mammal,4,48,52
352623,Reptile,5,29,34
352623,fw_fish,1,12,13
352624,Amphibian,2,8,10
352624,Bird,35,227,262
352624,Mammal,3,47,50
352624,Reptile,5,31,36
352624,fw_fish,1,23,24
352625,Amphibian,2,9,11
352625,Bird,36,234,270
352625,Mammal,3,49,52
352625,Reptile,6,34,40
352625,fw_fish,11,39,50
352626,Amphibian,2,10,12
352626,Bird,39,275,314
352626,Mammal,3,52,55
352626,Reptile,9,44,53
352626,fw_fish,4,24,28
352627,Amphibian,2,9,11
352627,Bird,35,225,260
352627,Mammal,3,51,54
352627,Reptile,4,29,33
352627,fw_fish,1,11,12
352628,Amphibian,2,11,13
352628,Bird,35,240,275
352628,Mammal,3,51,54
352628,Reptile,4,29,33
352628,fw_fish,1,23,24
352629,Amphibian,2,10,12
352629,Bird,36,248,284
352629,Mammal,4,52,56
352629,Reptile,6,36,42
352629,fw_fish,1,24,25
352630,Amphibian,2,10,12
352630,Bird,42,298,340
352630,Mammal,3,57,60
352630,Reptile,9,51,60
352630,fw_fish,4,23,27
352631,Amphibian,2,16,18
352631,Bird,34,265,299
352631,Mammal,5,62,67
352631,Reptile,5,43,48
352631,fw_fish,1,24,25
352632,Amphibian,2,11,13
352632,Bird,43,310,353
352632,Mammal,3,59,62
352632,Reptile,6,50,56
352632,fw_fish,4,23,27
352633,Amphibian,2,16,18
352633,Bird,35,264,299
352633,Mammal,5,63,68
352633,Reptile,5,41,46
352633,fw_fish,1,19,20
352634,Amphibian,2,18,20
352634,Bird,36,266,302
352634,Mammal,2,64,66
352634,Reptile,3,44,47
352634,fw_fish,11,57,68
352635,Amphibian,2,12,14
352635,Bird,46,311,357
352635,Mammal,2,58,60
352635,Reptile,5,50,55
352635,fw_fish,4,23,27
352636,Amphibian,3,20,23
352636,Bird,38,296,334
352636,Mammal,3,74,77
352636,Reptile,4,48,52
352636,fw_fish,6,44,50
352637,Amphibian,2,16,18
352637,Bird,36,289,325
352637,Mammal,3,64,67
352637,Reptile,4,48,52
352637,fw_fish,1,20,21
352638,Amphibian,2,17,19
352638,Bird,34,260,294
352638,Mammal,2,63,65
352638,Reptile,3,38,41
352638,fw_fish,7,55,62
352639,Amphibian,2,17,19
352639,Bird,36,278,314
352639,Mammal,3,65,68
352639,Reptile,4,46,50
352639,fw_fish,1,20,21
352640,Amphibian,2,17,19
352640,Bird,34,274,308
352640,Mammal,3,67,70
352640,Reptile,4,44,48
352640,fw_fish,5,39,44
352641,Amphibian,2,17,19
352641,Bird,34,261,295
352641,Mammal,2,63,65
352641,Reptile,3,40,43
352641,fw_fish,7,55,62
352642,Amphibian,3,20,23
352642,Bird,37,293,330
352642,Mammal,3,69,72
352642,Reptile,5,45,50
352642,fw_fish,11,56,67
352643,Amphibian,2,17,19
352643,Bird,35,279,314
352643,Mammal,3,68,71
352643,Reptile,4,44,48
352643,fw_fish,1,20,21
352644,Amphibian,3,21,24
352644,Bird,36,303,339
352644,Mammal,4,73,77
352644,Reptile,5,44,49
352644,fw_fish,11,56,67
352645,Amphibian,3,15,18
352645,Bird,44,319,363
352645,Mammal,3,64,67
352645,Reptile,4,50,54
352645,fw_fish,1,22,23
352646,Amphibian,3,18,21
352646,Bird,35,289,324
352646,Mammal,3,69,72
352646,Reptile,4,43,47
352646,fw_fish,5,38,43
352647,Amphibian,2,19,21
352647,Bird,36,270,306
352647,Mammal,2,66,68
352647,Reptile,3,40,43
352647,fw_fish,6,44,50
352648,Amphibian,3,19,22
352648,Bird,37,301,338
352648,Mammal,3,69,72
352648,Reptile,4,45,49
352648,fw_fish,11,56,67
352649,Amphibian,3,19,22
352649,Bird,36,294,330
352649,Mammal,3,68,71
352649,Reptile,4,43,47
352649,fw_fish,11,56,67
352650,Amphibian,3,20,23
352650,Bird,36,299,335
352650,Mammal,4,72,76
352650,Reptile,5,44,49
352650,fw_fish,11,56,67
352651,Amphibian,3,20,23
352651,Bird,36,296,332
352651,Mammal,3,72,75
352651,Reptile,5,45,50
352651,fw_fish,6,44,50
352652,Amphibian,3,20,23
352652,Bird,37,294,331
352652,Mammal,2,74,76
352652,Reptile,3,45,48
352652,fw_fish,6,44,50
352653,Amphibian,4,22,26
352653,Bird,44,321,365
352653,Mammal,4,79,83
352653,Reptile,4,47,51
352653,fw_fish,11,56,67
352654,Amphibian,3,20,23
352654,Bird,37,304,341
352654,Mammal,4,74,78
352654,Reptile,4,47,51
352654,fw_fish,6,44,50
352655,Amphibian,4,22,26
352655,Bird,45,327,372
352655,Mammal,4,83,87
352655,Reptile,4,48,52
352655,fw_fish,11,56,67
352656,Amphibian,3,20,23
352656,Bird,51,340,391
352656,Mammal,4,81,85
352656,Reptile,4,52,56
352656,fw_fish,6,41,47
352657,Amphibian,3,20,23
352657,Bird,54,345,399
352657,Mammal,4,83,87
352657,Reptile,4,53,57
352657,fw_fish,6,43,49
352658,Amphibian,4,21,25
352658,Bird,41,329,370
352658,Mammal,4,95,99
352658,Reptile,4,51,55
352658,fw_fish,9,55,64
352659,Amphibian,4,20,24
352659,Bird,49,331,380
352659,Mammal,4,82,86
352659,Reptile,4,51,55
352659,fw_fish,6,41,47
352660,Amphibian,4,21,25
352660,Bird,48,335,383
352660,Mammal,4,83,87
352660,Reptile,4,51,55
352660,fw_fish,6,41,47
352661,Amphibian,3,20,23
352661,Bird,52,345,397
352661,Mammal,4,83,87
352661,Reptile,4,53,57
352661,fw_fish,6,43,49
352662,Amphibian,4,24,28
352662,Bird,47,343,390
352662,Mammal,5,93,98
352662,Reptile,4,53,57
352662,fw_fish,11,63,74
352663,Amphibian,4,22,26
352663,Bird,39,325,364
352663,Mammal,4,92,96
352663,Reptile,4,54,58
352663,fw_fish,6,48,54
352664,Amphibian,4,24,28
352664,Bird,41,333,374
352664,Mammal,5,89,94
352664,Reptile,4,52,56
352664,fw_fish,11,63,74
352665,Amphibian,3,24,27
352665,Bird,56,364,420
352665,Mammal,5,86,91
352665,Reptile,4,54,58
352665,fw_fish,6,47,53
352666,Amphibian,4,22,26
352666,Bird,49,352,401
352666,Mammal,5,88,93
352666,Reptile,4,55,59
352666,fw_fish,7,57,64
352667,Amphibian,3,24,27
352667,Bird,53,363,416
352667,Mammal,5,86,91
352667,Reptile,4,57,61
352667,fw_fish,6,47,53
352668,Amphibian,4,23,27
352668,Bird,32,301,333
352668,Mammal,5,90,95
352668,Reptile,4,52,56
352668,fw_fish,4,32,36
352669,Amphibian,4,27,31
352669,Bird,34,297,331
352669,Mammal,5,91,96
352669,Reptile,4,53,57
352669,fw_fish,5,46,51
352670,Amphibian,4,24,28
352670,Bird,32,299,331
352670,Mammal,5,90,95
352670,Reptile,4,53,57
352670,fw_fish,5,46,51
352671,Amphibian,4,25,29
352671,Bird,33,300,333
352671,Mammal,5,91,96
352671,Reptile,3,55,58
352671,fw_fish,5,46,51
352672,Amphibian,3,24,27
352672,Bird,48,343,391
352672,Mammal,5,89,94
352672,Reptile,4,56,60
352672,fw_fish,5,46,51
352673,Amphibian,4,23,27
352673,Bird,51,355,406
352673,Mammal,5,104,109
352673,Reptile,7,62,69
352673,fw_fish,7,56,63
352674,Amphibian,4,26,30
352674,Bird,33,289,322
352674,Mammal,5,91,96
352674,Reptile,4,53,57
352674,fw_fish,5,46,51
352675,Amphibian,4,24,28
352675,Bird,32,293,325
352675,Mammal,5,92,97
352675,Reptile,4,55,59
352675,fw_fish,7,52,59
352676,Amphibian,3,25,28
352676,Bird,52,345,397
352676,Mammal,5,88,93
352676,Reptile,4,58,62
352676,fw_fish,5,48,53
352677,Amphibian,4,25,29
352677,Bird,43,320,363
352677,Mammal,5,90,95
352677,Reptile,4,58,62
352677,fw_fish,5,46,51
352678,Amphibian,3,25,28
352678,Bird,48,327,375
352678,Mammal,5,87,92
352678,Reptile,4,58,62
352678,fw_fish,5,46,51
352679,Amphibian,4,25,29
352679,Bird,31,275,306
352679,Mammal,5,91,96
352679,Reptile,4,52,56
352679,fw_fish,5,44,49
352680,Amphibian,4,24,28
352680,Bird,37,293,330
352680,Mammal,5,92,97
352680,Reptile,3,57,60
352680,fw_fish,5,46,51
352681,Amphibian,3,24,27
352681,Bird,46,314,360
352681,Mammal,5,91,96
352681,Reptile,3,57,60
352681,fw_fish,5,46,51
352682,Amphibian,4,24,28
352682,Bird,30,283,313
352682,Mammal,4,92,96
352682,Reptile,4,53,57
352682,fw_fish,7,52,59
352683,Amphibian,4,26,30
352683,Bird,32,277,309
352683,Mammal,5,91,96
352683,Reptile,4,53,57
352683,fw_fish,6,52,58
352684,Amphibian,3,24,27
352684,Bird,49,334,383
352684,Mammal,4,84,88
352684,Reptile,3,58,61
352684,fw_fish,5,48,53
352685,Amphibian,3,24,27
352685,Bird,48,317,365
352685,Mammal,6,86,92
352685,Reptile,3,53,56
352685,fw_fish,5,48,53
352686,Amphibian,3,24,27
352686,Bird,48,312,360
352686,Mammal,6,85,91
352686,Reptile,3,52,55
352686,fw_fish,7,50,57
352687,Amphibian,3,24,27
352687,Bird,43,303,346
352687,Mammal,6,83,89
352687,Reptile,3,52,55
352687,fw_fish,7,50,57
352688,Amphibian,3,23,26
352688,Bird,48,322,370
352688,Mammal,4,84,88
352688,Reptile,3,53,56
352688,fw_fish,7,49,56
352689,Amphibian,3,23,26
352689,Bird,48,323,371
352689,Mammal,4,83,87
352689,Reptile,3,53,56
352689,fw_fish,5,42,47
352690,Amphibian,3,23,26
352690,Bird,48,326,374
352690,Mammal,4,83,87
352690,Reptile,3,53,56
352690,fw_fish,5,42,47
352691,Amphibian,3,24,27
352691,Bird,48,317,365
352691,Mammal,5,85,90
352691,Reptile,3,53,56
352691,fw_fish,7,49,56
352692,Amphibian,3,24,27
352692,Bird,46,323,369
352692,Mammal,5,85,90
352692,Reptile,3,53,56
352692,fw_fish,5,48,53
352693,Amphibian,3,24,27
352693,Bird,40,295,335
352693,Mammal,5,86,91
352693,Reptile,3,52,55
352693,fw_fish,5,46,51
352694,Amphibian,3,24,27
352694,Bird,50,334,384
352694,Mammal,5,85,90
352694,Reptile,3,58,61
352694,fw_fish,5,48,53
352695,Amphibian,3,25,28
352695,Bird,47,335,382
352695,Mammal,5,88,93
352695,Reptile,4,58,62
352695,fw_fish,5,46,51
352696,Amphibian,3,20,23
352696,Bird,54,333,387
352696,Mammal,3,73,76
352696,Reptile,4,52,56
352696,fw_fish,6,41,47
352697,Amphibian,3,19,22
352697,Bird,50,327,377
352697,Mammal,3,67,70
352697,Reptile,4,51,55
352697,fw_fish,1,22,23
352698,Amphibian,3,20,23
352698,Bird,51,338,389
352698,Mammal,4,82,86
352698,Reptile,4,52,56
352698,fw_fish,6,41,47
352699,Amphibian,4,22,26
352699,Bird,39,324,363
352699,Mammal,4,83,87
352699,Reptile,4,52,56
352699,fw_fish,6,49,55
354002,Amphibian,1,25,26
354002,Bird,95,312,407
354002,Mammal,11,92,103
354002,Reptile,13,60,73
354002,fw_fish,17,37,54
354003,Amphibian,1,25,26
354003,Bird,93,299,392
354003,Mammal,11,89,100
354003,Reptile,12,60,72
354003,fw_fish,16,38,54
902737,Amphibian,0,4,4
902737,Bird,18,84,102
902737,Bird,0,1,1
902737,Mammal,10,26,36
902737,fw_fish,1,0,1
902738,Amphibian,0,5,5
902738,Bird,34,215,249
902738,Mammal,8,40,48
902738,Reptile,9,21,30
902738,fw_fish,2,6,8
902739,Amphibian,0,5,5
902739,Bird,35,197,232
902739,Mammal,8,34,42
902739,Reptile,10,26,36
902739,fw_fish,2,4,6
902740,Amphibian,0,5,5
902740,Bird,31,170,201
902740,Mammal,10,35,45
902740,Reptile,8,20,28
902740,fw_fish,0,2,2
902741,Amphibian,0,2,2
902741,Bird,8,37,45
902741,Mammal,6,10,16
902741,Reptile,7,14,21
902838,Amphibian,3,24,27
902838,Bird,30,289,319
902838,Mammal,6,83,89
902838,Reptile,4,40,44
902838,fw_fish,28,48,76
903024,Amphibian,3,21,24
903024,Bird,61,381,442
903024,Mammal,5,82,87
903024,Reptile,4,52,56
903024,fw_fish,6,47,53
903104,Amphibian,2,26,28
903104,Bird,86,241,327
903104,Mammal,7,64,71
903104,Reptile,12,59,71
903104,fw_fish,49,97,146
903105,Amphibian,1,16,17
903105,Bird,41,295,336
903105,Mammal,5,55,60
903105,Reptile,9,36,45
903105,fw_fish,18,27,45
903106,Amphibian,1,11,12
903106,Bird,40,271,311
903106,Mammal,4,50,54
903106,Reptile,8,30,38
903106,fw_fish,10,19,29
903107,Amphibian,4,22,26
903107,Bird,33,317,350
903107,Mammal,3,94,97
903107,Reptile,3,51,54
903107,fw_fish,27,46,73
903108,Amphibian,4,23,27
903108,Bird,38,330,368
903108,Mammal,5,99,104
903108,Reptile,4,61,65
903108,fw_fish,19,35,54
903110,Amphibian,4,26,30
903110,Bird,87,252,339
903110,Mammal,9,74,83
903110,Reptile,11,56,67
903110,fw_fish,42,77,119
903111,Amphibian,3,22,25
903111,Bird,40,337,377
903111,Mammal,4,86,90
903111,Reptile,5,57,62
903111,fw_fish,15,30,45
903112,Amphibian,3,27,30
903112,Bird,88,246,334
903112,Mammal,10,67,77
903112,Reptile,13,61,74
903112,fw_fish,61,105,166
903113,Amphibian,1,8,9
903113,Bird,53,314,367
903113,Mammal,9,63,72
903113,Reptile,9,32,41
903113,fw_fish,29,55,84
555512165,Amphibian,0,43,43
555512165,Bird,97,315,412
555512165,Mammal,14,131,145
555512165,Reptile,10,64,74
555512165,fw_fish,21,77,98
555512166,Amphibian,1,46,47
555512166,Bird,92,274,366
555512166,Mammal,12,123,135
555512166,Reptile,13,67,80
555512166,fw_fish,23,82,105
555512167,Amphibian,1,41,42
555512167,Bird,85,242,327
555512167,Mammal,12,108,120
555512167,Reptile,12,64,76
555512167,fw_fish,16,66,82
555512168,Amphibian,1,44,45
555512168,Bird,92,243,335
555512168,Mammal,13,120,133
555512168,Reptile,13,61,74
555512168,fw_fish,7,59,66
555512169,Amphibian,1,42,43
555512169,Bird,97,252,349
555512169,Mammal,12,107,119
555512169,Reptile,13,62,75
555512169,fw_fish,4,52,56
555512170,Amphibian,1,45,46
555512170,Bird,96,253,349
555512170,Mammal,14,125,139
555512170,Reptile,13,61,74
555512170,fw_fish,18,70,88
555542335,Amphibian,0,42,42
555542335,Bird,95,315,410
555542335,Mammal,10,126,136
555542335,Reptile,8,60,68
555542335,fw_fish,22,83,105
555542456,Amphibian,1,36,37
555542456,Bird,83,256,339
555542456,Mammal,9,105,114
555542456,Reptile,10,62,72
555542456,fw_fish,15,76,91
555542457,Amphibian,1,37,38
555542457,Bird,89,276,365
555542457,Mammal,7,105,112
555542457,Reptile,10,62,72
555542457,fw_fish,24,85,109
555547522,Amphibian,3,22,25
555547522,Bird,51,349,400
555547522,Mammal,4,80,84
555547522,Reptile,5,50,55
555547522,fw_fish,6,47,53
555547523,Amphibian,3,21,24
555547523,Bird,56,364,420
555547523,Mammal,5,80,85
555547523,Reptile,3,52,55
555547523,fw_fish,6,47,53
555547524,Amphibian,3,21,24
555547524,Bird,61,381,442
555547524,Mammal,5,82,87
555547524,Reptile,4,52,56
555547524,fw_fish,6,47,53
555547525,Amphibian,1,29,30
555547525,Bird,78,319,397
555547525,Mammal,9,125,134
555547525,Reptile,4,61,65
555547525,fw_fish,6,55,61
555547526,Amphibian,0,38,38
555547526,Bird,91,297,388
555547526,Mammal,13,122,135
555547526,Reptile,10,66,76
555547526,fw_fish,7,60,67
555547987,Bird,9,36,45
555547987,Mammal,5,6,11
555547987,Reptile,7,11,18
555555549,Amphibian,0,24,24
555555549,Bird,43,292,335
555555549,Mammal,10,108,118
555555549,Reptile,0,61,61
555555549,fw_fish,15,89,104
555556050,Amphibian,4,19,23
555556050,Bird,30,294,324
555556050,Mammal,2,81,83
555556050,Reptile,5,44,49
555556050,fw_fish,9,34,43
555556051,Amphibian,4,19,23
555556051,Bird,30,292,322
555556051,Mammal,2,78,80
555556051,Reptile,5,47,52
555556051,fw_fish,9,34,43
555556052,Amphibian,0,1,1
555556052,Bird,14,43,57
555556052,Mammal,8,11,19
555556052,Reptile,10,15,25
555556053,Amphibian,0,3,3
555556053,Bird,31,136,167
555556053,Mammal,12,26,38
555556053,Reptile,10,21,31
555556053,fw_fish,4,4,8
555556054,Amphibian,0,2,2
555556054,Bird,18,58,76
555556054,Bird,0,1,1
555556054,Mammal,7,16,23
555556055,Amphibian,4,20,24
555556055,Bird,26,287,313
555556055,Mammal,3,86,89
555556055,Reptile,6,50,56
555556055,fw_fish,9,27,36
555556056,Amphibian,0,2,2
555556056,Bird,15,46,61
555556056,Mammal,8,12,20
555556056,Reptile,10,15,25
555556057,Amphibian,4,19,23
555556057,Bird,31,296,327
555556057,Mammal,2,76,78
555556057,Reptile,4,47,51
555556057,fw_fish,9,34,43
555556058,Amphibian,4,21,25
555556058,Bird,25,282,307
555556058,Mammal,2,85,87
555556058,Reptile,5,48,53
555556058,fw_fish,12,33,45
555556059,Amphibian,4,20,24
555556059,Bird,26,287,313
555556059,Mammal,3,84,87
555556059,Reptile,6,50,56
555556059,fw_fish,10,27,37
555556060,Amphibian,4,19,23
555556060,Bird,35,301,336
555556060,Mammal,0,67,67
555556060,Reptile,3,47,50
555556060,fw_fish,20,55,75
555556061,Amphibian,4,21,25
555556061,Bird,34,297,331
555556061,Mammal,1,75,76
555556061,Reptile,7,46,53
555556061,fw_fish,13,33,46
555556062,Amphibian,4,20,24
555556062,Bird,29,285,314
555556062,Mammal,2,77,79
555556062,Reptile,7,49,56
555556062,fw_fish,10,26,36
555556063,Amphibian,4,19,23
555556063,Bird,30,298,328
555556063,Mammal,2,81,83
555556063,Reptile,5,45,50
555556063,fw_fish,9,34,43
555556064,Amphibian,4,19,23
555556064,Bird,32,304,336
555556064,Mammal,2,80,82
555556064,Reptile,5,48,53
555556064,fw_fish,9,34,43
555556065,Amphibian,4,21,25
555556065,Bird,29,283,312
555556065,Mammal,3,91,94
555556065,Reptile,5,50,55
555556065,fw_fish,9,27,36
555556066,Amphibian,4,21,25
555556066,Bird,28,280,308
555556066,Mammal,2,82,84
555556066,Reptile,7,49,56
555556066,fw_fish,10,26,36
555556067,Amphibian,4,20,24
555556067,Bird,26,278,304
555556067,Mammal,2,82,84
555556067,Reptile,6,49,55
555556067,fw_fish,10,27,37
555556068,Amphibian,0,2,2
555556068,Bird,28,119,147
555556068,Mammal,10,22,32
555556068,Reptile,10,19,29
555556068,fw_fish,1,4,5
555558302,Amphibian,3,23,26
555558302,Bird,27,291,318
555558302,Mammal,8,86,94
555558302,Reptile,4,41,45
555558302,fw_fish,21,31,52
555558303,fw_fish,23,44,67
